   1.00000000000000        1.00000000000000       -5.40724427995482     
   1.00000000000000        2.00000000000000       -5.37930548577482     
   1.00000000000000        3.00000000000000       -5.16547350152529     
   1.00000000000000        4.00000000000000       -4.74859381908081     
   1.00000000000000        5.00000000000000       -4.26908538101732     
   1.00000000000000        6.00000000000000       -3.81562457083824     
   1.00000000000000        7.00000000000000       -3.41603507407033     
   1.00000000000000        8.00000000000000       -3.07176650919789     
   1.00000000000000        9.00000000000000       -2.77680635049856     
   1.00000000000000        10.0000000000000       -2.52462055853365     
   1.00000000000000        11.0000000000000       -2.30972906015417     
   1.00000000000000        12.0000000000000       -2.12764125997405     
   1.00000000000000        13.0000000000000       -1.97483041736813     
   1.00000000000000        14.0000000000000       -1.84775264437714     
   1.00000000000000        15.0000000000000       -1.74383240899026     
   1.00000000000000        16.0000000000000       -1.66052352015420     
   1.00000000000000        17.0000000000000       -1.59562860456695     
   1.00000000000000        18.0000000000000       -1.54732137301698     
   1.00000000000000        19.0000000000000       -1.51408160921063     
   1.00000000000000        20.0000000000000       -1.49454690926376     
   1.00000000000000        21.0000000000000       -1.48666003600977     
   1.00000000000000        22.0000000000000       -1.48554192418333     
   1.00000000000000        23.0000000000000       -1.47981319409312     
   1.00000000000000        24.0000000000000       -1.45375062071060     
   1.00000000000000        25.0000000000000       -1.41750563238586     
   2.00000000000000        1.00000000000000       -5.37926571038807     
   2.00000000000000        2.00000000000000       -5.25357997298838     
   2.00000000000000        3.00000000000000       -4.91778576394793     
   2.00000000000000        4.00000000000000       -4.46453109159678     
   2.00000000000000        5.00000000000000       -4.00418607618774     
   2.00000000000000        6.00000000000000       -3.58633168244881     
   2.00000000000000        7.00000000000000       -3.22184426922028     
   2.00000000000000        8.00000000000000       -2.90797491396098     
   2.00000000000000        9.00000000000000       -2.63873724200142     
   2.00000000000000        10.0000000000000       -2.40842989173202     
   2.00000000000000        11.0000000000000       -2.21231723341941     
   2.00000000000000        12.0000000000000       -2.04668723763913     
   2.00000000000000        13.0000000000000       -1.90808653780161     
   2.00000000000000        14.0000000000000       -1.79345337067603     
   2.00000000000000        15.0000000000000       -1.70034719737801     
   2.00000000000000        16.0000000000000       -1.62644945571053     
   2.00000000000000        17.0000000000000       -1.56970331911507     
   2.00000000000000        18.0000000000000       -1.52842512234223     
   2.00000000000000        19.0000000000000       -1.50111583769605     
   2.00000000000000        20.0000000000000       -1.48609469853189     
   2.00000000000000        21.0000000000000       -1.48019501615319     
   2.00000000000000        22.0000000000000       -1.47615188796432     
   2.00000000000000        23.0000000000000       -1.46135674700113     
   2.00000000000000        24.0000000000000       -1.43099451876704     
   2.00000000000000        25.0000000000000       -1.39641770836681     
   3.00000000000000        1.00000000000000       -5.16534897076175     
   3.00000000000000        2.00000000000000       -4.91772926497276     
   3.00000000000000        3.00000000000000       -4.53525945234029     
   3.00000000000000        4.00000000000000       -4.10903390413398     
   3.00000000000000        5.00000000000000       -3.70066819825708     
   3.00000000000000        6.00000000000000       -3.33368714158914     
   3.00000000000000        7.00000000000000       -3.01223995122033     
   3.00000000000000        8.00000000000000       -2.73342805678041     
   3.00000000000000        9.00000000000000       -2.49294164144265     
   3.00000000000000        10.0000000000000       -2.28652621606153     
   3.00000000000000        11.0000000000000       -2.11080859241083     
   3.00000000000000        12.0000000000000       -1.96265183336633     
   3.00000000000000        13.0000000000000       -1.83872903572662     
   3.00000000000000        14.0000000000000       -1.73669912383857     
   3.00000000000000        15.0000000000000       -1.65425911504945     
   3.00000000000000        16.0000000000000       -1.58923288006338     
   3.00000000000000        17.0000000000000       -1.53965828352224     
   3.00000000000000        18.0000000000000       -1.50379219958679     
   3.00000000000000        19.0000000000000       -1.47984356211592     
   3.00000000000000        20.0000000000000       -1.46536378667402     
   3.00000000000000        21.0000000000000       -1.45599116341984     
   3.00000000000000        22.0000000000000       -1.44479438872973     
   3.00000000000000        23.0000000000000       -1.42591243539539     
   3.00000000000000        24.0000000000000       -1.39860478925368     
   3.00000000000000        25.0000000000000       -1.35810335260679     
   4.00000000000000        1.00000000000000       -4.74846070095648     
   4.00000000000000        2.00000000000000       -4.46446268818189     
   4.00000000000000        3.00000000000000       -4.10901090550356     
   4.00000000000000        4.00000000000000       -3.74115835322352     
   4.00000000000000        5.00000000000000       -3.39378622490063     
   4.00000000000000        6.00000000000000       -3.07982479022004     
   4.00000000000000        7.00000000000000       -2.80164824445455     
   4.00000000000000        8.00000000000000       -2.55805280652168     
   4.00000000000000        9.00000000000000       -2.34649282786684     
   4.00000000000000        10.0000000000000       -2.16438108958950     
   4.00000000000000        11.0000000000000       -2.00932454356568     
   4.00000000000000        12.0000000000000       -1.87836263976342     
   4.00000000000000        13.0000000000000       -1.76888392762478     
   4.00000000000000        14.0000000000000       -1.67900804380555     
   4.00000000000000        15.0000000000000       -1.60647878739530     
   4.00000000000000        16.0000000000000       -1.54923242272365     
   4.00000000000000        17.0000000000000       -1.50530688254799     
   4.00000000000000        18.0000000000000       -1.47274242788625     
   4.00000000000000        19.0000000000000       -1.44936555928033     
   4.00000000000000        20.0000000000000       -1.43223375800067     
   4.00000000000000        21.0000000000000       -1.41742274277653     
   4.00000000000000        22.0000000000000       -1.40087466754020     
   4.00000000000000        23.0000000000000       -1.37892751783284     
   4.00000000000000        24.0000000000000       -1.34512947482939     
   4.00000000000000        25.0000000000000       -1.29436743966253     
   5.00000000000000        1.00000000000000       -4.26899654269716     
   5.00000000000000        2.00000000000000       -4.00413531086556     
   5.00000000000000        3.00000000000000       -3.70064241184382     
   5.00000000000000        4.00000000000000       -3.39377515919313     
   5.00000000000000        5.00000000000000       -3.10316358830881     
   5.00000000000000        6.00000000000000       -2.83742525311002     
   5.00000000000000        7.00000000000000       -2.59928031097533     
   5.00000000000000        8.00000000000000       -2.38876920082990     
   5.00000000000000        9.00000000000000       -2.20489132625758     
   5.00000000000000        10.0000000000000       -2.04625151947669     
   5.00000000000000        11.0000000000000       -1.91089490237575     
   5.00000000000000        12.0000000000000       -1.79612889263614     
   5.00000000000000        13.0000000000000       -1.70030044724074     
   5.00000000000000        14.0000000000000       -1.62150748867036     
   5.00000000000000        15.0000000000000       -1.55769023225717     
   5.00000000000000        16.0000000000000       -1.50678069377460     
   5.00000000000000        17.0000000000000       -1.46676837977385     
   5.00000000000000        18.0000000000000       -1.43556461898431     
   5.00000000000000        19.0000000000000       -1.41083747428914     
   5.00000000000000        20.0000000000000       -1.38989902653975     
   5.00000000000000        21.0000000000000       -1.36985471049980     
   5.00000000000000        22.0000000000000       -1.34740985490286     
   5.00000000000000        23.0000000000000       -1.31768990973553     
   5.00000000000000        24.0000000000000       -1.27558513028763     
   5.00000000000000        25.0000000000000       -1.22102515453388     
   6.00000000000000        1.00000000000000       -3.81558578007470     
   6.00000000000000        2.00000000000000       -3.58630295999998     
   6.00000000000000        3.00000000000000       -3.33366352199312     
   6.00000000000000        4.00000000000000       -3.07980539681151     
   6.00000000000000        5.00000000000000       -2.83741316615069     
   6.00000000000000        6.00000000000000       -2.61337026409151     
   6.00000000000000        7.00000000000000       -2.41063253434012     
   6.00000000000000        8.00000000000000       -2.23011481174080     
   6.00000000000000        9.00000000000000       -2.07185406182223     
   6.00000000000000        10.0000000000000       -1.93501247300611     
   6.00000000000000        11.0000000000000       -1.81750666934296     
   6.00000000000000        12.0000000000000       -1.71765469988865     
   6.00000000000000        13.0000000000000       -1.63410960843052     
   6.00000000000000        14.0000000000000       -1.56504856013606     
   6.00000000000000        15.0000000000000       -1.50845599973860     
   6.00000000000000        16.0000000000000       -1.46233075643838     
   6.00000000000000        17.0000000000000       -1.42468882014454     
   6.00000000000000        18.0000000000000       -1.39346178480391     
   6.00000000000000        19.0000000000000       -1.36651673490085     
   6.00000000000000        20.0000000000000       -1.34158062191817     
   6.00000000000000        21.0000000000000       -1.31610686035613     
   6.00000000000000        22.0000000000000       -1.28685442101146     
   6.00000000000000        23.0000000000000       -1.25013038024187     
   6.00000000000000        24.0000000000000       -1.20426893235693     
   6.00000000000000        25.0000000000000       -1.15110881383906     
   7.00000000000000        1.00000000000000       -3.41603385356594     
   7.00000000000000        2.00000000000000       -3.22183111603518     
   7.00000000000000        3.00000000000000       -3.01221601998883     
   7.00000000000000        4.00000000000000       -2.80161895229526     
   7.00000000000000        5.00000000000000       -2.59925346253152     
   7.00000000000000        6.00000000000000       -2.41061603876010     
   7.00000000000000        7.00000000000000       -2.23868641753196     
   7.00000000000000        8.00000000000000       -2.08499494208120     
   7.00000000000000        9.00000000000000       -1.94984216096643     
   7.00000000000000        10.0000000000000       -1.83209218334489     
   7.00000000000000        11.0000000000000       -1.73057638051439     
   7.00000000000000        12.0000000000000       -1.64401403192801     
   7.00000000000000        13.0000000000000       -1.57111939733808     
   7.00000000000000        14.0000000000000       -1.51015937485966     
   7.00000000000000        15.0000000000000       -1.45923559232175     
   7.00000000000000        16.0000000000000       -1.41646078927278     
   7.00000000000000        17.0000000000000       -1.37997840106475     
   7.00000000000000        18.0000000000000       -1.34794378458993     
   7.00000000000000        19.0000000000000       -1.31848840298082     
   7.00000000000000        20.0000000000000       -1.28963897004289     
   7.00000000000000        21.0000000000000       -1.25917737772324     
   7.00000000000000        22.0000000000000       -1.22468336168141     
   7.00000000000000        23.0000000000000       -1.18443473311568     
   7.00000000000000        24.0000000000000       -1.13854368134976     
   7.00000000000000        25.0000000000000       -1.08871749328307     
   8.00000000000000        1.00000000000000       -3.07178841671389     
   8.00000000000000        2.00000000000000       -2.90796904461121     
   8.00000000000000        3.00000000000000       -2.73339968075451     
   8.00000000000000        4.00000000000000       -2.55801132964567     
   8.00000000000000        5.00000000000000       -2.38872568135236     
   8.00000000000000        6.00000000000000       -2.23007958820350     
   8.00000000000000        7.00000000000000       -2.08497570049990     
   8.00000000000000        8.00000000000000       -1.95483445959651     
   8.00000000000000        9.00000000000000       -1.83947507782734     
   8.00000000000000        10.0000000000000       -1.73842319438935     
   8.00000000000000        11.0000000000000       -1.65086083521647     
   8.00000000000000        12.0000000000000       -1.57568433282266     
   8.00000000000000        13.0000000000000       -1.51164777591103     
   8.00000000000000        14.0000000000000       -1.45714241124051     
   8.00000000000000        15.0000000000000       -1.41041360416511     
   8.00000000000000        16.0000000000000       -1.36978302918712     
   8.00000000000000        17.0000000000000       -1.33363592783779     
   8.00000000000000        18.0000000000000       -1.30040830203328     
   8.00000000000000        19.0000000000000       -1.26851902245998     
   8.00000000000000        20.0000000000000       -1.23638482929056     
   8.00000000000000        21.0000000000000       -1.20236922111055     
   8.00000000000000        22.0000000000000       -1.16512882454208     
   8.00000000000000        23.0000000000000       -1.12416423014226     
   8.00000000000000        24.0000000000000       -1.08001683131345     
   8.00000000000000        25.0000000000000       -1.03384682669972     
   9.00000000000000        1.00000000000000       -2.77683996012065     
   9.00000000000000        2.00000000000000       -2.63873210656134     
   9.00000000000000        3.00000000000000       -2.49290564450753     
   9.00000000000000        4.00000000000000       -2.34643830736411     
   9.00000000000000        5.00000000000000       -2.20483151315882     
   9.00000000000000        6.00000000000000       -2.07180107115048     
   9.00000000000000        7.00000000000000       -1.94980425219081     
   9.00000000000000        8.00000000000000       -1.83945506987649     
   9.00000000000000        9.00000000000000       -1.74103708012647     
   9.00000000000000        10.0000000000000       -1.65430363638466     
   9.00000000000000        11.0000000000000       -1.57854231205227     
   9.00000000000000        12.0000000000000       -1.51274343298234     
   9.00000000000000        13.0000000000000       -1.45577111651358     
   9.00000000000000        14.0000000000000       -1.40611418566514     
   9.00000000000000        15.0000000000000       -1.36229249115361     
   9.00000000000000        16.0000000000000       -1.32287758113256     
   9.00000000000000        17.0000000000000       -1.28656224281113     
   9.00000000000000        18.0000000000000       -1.25207180620759     
   9.00000000000000        19.0000000000000       -1.21822470634631     
   9.00000000000000        20.0000000000000       -1.18386708211065     
   9.00000000000000        21.0000000000000       -1.14799218069236     
   9.00000000000000        22.0000000000000       -1.11002404616792     
   9.00000000000000        23.0000000000000       -1.06992502341511     
   9.00000000000000        24.0000000000000       -1.02818365593665     
   9.00000000000000        25.0000000000000      -0.985493450420063     
   10.0000000000000        1.00000000000000       -2.52465812090648     
   10.0000000000000        2.00000000000000       -2.40842148358873     
   10.0000000000000        3.00000000000000       -2.28648185784589     
   10.0000000000000        4.00000000000000       -2.16431461760035     
   10.0000000000000        5.00000000000000       -2.04617812930802     
   10.0000000000000        6.00000000000000       -1.93494396144068     
   10.0000000000000        7.00000000000000       -1.83203486276017     
   10.0000000000000        8.00000000000000       -1.73838243551239     
   10.0000000000000        9.00000000000000       -1.65428292715480     
   10.0000000000000        10.0000000000000       -1.57948918689157     
   10.0000000000000        11.0000000000000       -1.51334866641789     
   10.0000000000000        12.0000000000000       -1.45495939162433     
   10.0000000000000        13.0000000000000       -1.40327973621758     
   10.0000000000000        14.0000000000000       -1.35706799345184     
   10.0000000000000        15.0000000000000       -1.31509720976503     
   10.0000000000000        16.0000000000000       -1.27625668369598     
   10.0000000000000        17.0000000000000       -1.23954524653863     
   10.0000000000000        18.0000000000000       -1.20404979679934     
   10.0000000000000        19.0000000000000       -1.16893887071535     
   10.0000000000000        20.0000000000000       -1.13348155612728     
   10.0000000000000        21.0000000000000       -1.09715886791157     
   10.0000000000000        22.0000000000000       -1.05974467031425     
   10.0000000000000        23.0000000000000       -1.02132168145429     
   10.0000000000000        24.0000000000000      -0.982196013604384     
   10.0000000000000        25.0000000000000      -0.942747792759005     
   11.0000000000000        1.00000000000000       -2.30976604264464     
   11.0000000000000        2.00000000000000       -2.21230416304111     
   11.0000000000000        3.00000000000000       -2.11075688475268     
   11.0000000000000        4.00000000000000       -2.00924923309634     
   11.0000000000000        5.00000000000000       -1.91080863306970     
   11.0000000000000        6.00000000000000       -1.81741954382502     
   11.0000000000000        7.00000000000000       -1.73049805091005     
   11.0000000000000        8.00000000000000       -1.65079929121530     
   11.0000000000000        9.00000000000000       -1.57850226660355     
   11.0000000000000        10.0000000000000       -1.51333054065478     
   11.0000000000000        11.0000000000000       -1.45469541074719     
   11.0000000000000        12.0000000000000       -1.40183360751404     
   11.0000000000000        13.0000000000000       -1.35390856467574     
   11.0000000000000        14.0000000000000       -1.30993710216221     
   11.0000000000000        15.0000000000000       -1.26903051926385     
   11.0000000000000        16.0000000000000       -1.23039011023888     
   11.0000000000000        17.0000000000000       -1.19332887769996     
   11.0000000000000        18.0000000000000       -1.15723787373997     
   11.0000000000000        19.0000000000000       -1.12161395729399     
   11.0000000000000        20.0000000000000       -1.08603952204253     
   11.0000000000000        21.0000000000000       -1.05025779321441     
   11.0000000000000        22.0000000000000       -1.01416850242288     
   11.0000000000000        23.0000000000000      -0.977828663077853     
   11.0000000000000        24.0000000000000      -0.941377256939102     
   11.0000000000000        25.0000000000000      -0.905012774700637     
   12.0000000000000        1.00000000000000       -2.12767540038441     
   12.0000000000000        2.00000000000000       -2.04666971082860     
   12.0000000000000        3.00000000000000       -1.96259366828318     
   12.0000000000000        4.00000000000000       -1.87827466434352     
   12.0000000000000        5.00000000000000       -1.79602324413812     
   12.0000000000000        6.00000000000000       -1.71754578010671     
   12.0000000000000        7.00000000000000       -1.64391537514121     
   12.0000000000000        8.00000000000000       -1.57560541847493     
   12.0000000000000        9.00000000000000       -1.51268889784108     
   12.0000000000000        10.0000000000000       -1.45492907599936     
   12.0000000000000        11.0000000000000       -1.40182249353004     
   12.0000000000000        12.0000000000000       -1.35280374307215     
   12.0000000000000        13.0000000000000       -1.30728694171642     
   12.0000000000000        14.0000000000000       -1.26464352355049     
   12.0000000000000        15.0000000000000       -1.22428343787150     
   12.0000000000000        16.0000000000000       -1.18570502951437     
   12.0000000000000        17.0000000000000       -1.14849882953487     
   12.0000000000000        18.0000000000000       -1.11232320863946     
   12.0000000000000        19.0000000000000       -1.07687968037090     
   12.0000000000000        20.0000000000000       -1.04194635829336     
   12.0000000000000        21.0000000000000       -1.00737133644761     
   12.0000000000000        22.0000000000000      -0.973075263778678     
   12.0000000000000        23.0000000000000      -0.939046595527350     
   12.0000000000000        24.0000000000000      -0.905322787796332     
   12.0000000000000        25.0000000000000      -0.871989030238757     
   13.0000000000000        1.00000000000000       -1.97486116381046     
   13.0000000000000        2.00000000000000       -1.90806325485846     
   13.0000000000000        3.00000000000000       -1.83866008262112     
   13.0000000000000        4.00000000000000       -1.76878272024846     
   13.0000000000000        5.00000000000000       -1.70018401018801     
   13.0000000000000        6.00000000000000       -1.63399379159405     
   13.0000000000000        7.00000000000000       -1.57101799435091     
   13.0000000000000        8.00000000000000       -1.51156847107278     
   13.0000000000000        9.00000000000000       -1.45571723077345     
   13.0000000000000        10.0000000000000       -1.40324893355517     
   13.0000000000000        11.0000000000000       -1.35389544890954     
   13.0000000000000        12.0000000000000       -1.30728389366863     
   13.0000000000000        13.0000000000000       -1.26312632041575     
   13.0000000000000        14.0000000000000       -1.22115464522442     
   13.0000000000000        15.0000000000000       -1.18107019190552     
   13.0000000000000        16.0000000000000       -1.14261085123385     
   13.0000000000000        17.0000000000000       -1.10558842422206     
   13.0000000000000        18.0000000000000       -1.06981614588683     
   13.0000000000000        19.0000000000000       -1.03513970261468     
   13.0000000000000        20.0000000000000       -1.00141282353687     
   13.0000000000000        21.0000000000000      -0.968513268247628     
   13.0000000000000        22.0000000000000      -0.936330190785425     
   13.0000000000000        23.0000000000000      -0.904808051364451     
   13.0000000000000        24.0000000000000      -0.873905952634649     
   13.0000000000000        25.0000000000000      -0.843650188065819     
   14.0000000000000        1.00000000000000       -1.84778037216004     
   14.0000000000000        2.00000000000000       -1.79342545542518     
   14.0000000000000        3.00000000000000       -1.73662801229358     
   14.0000000000000        4.00000000000000       -1.67891174740733     
   14.0000000000000        5.00000000000000       -1.62140379378873     
   14.0000000000000        6.00000000000000       -1.56495245545226     
   14.0000000000000        7.00000000000000       -1.51007975233536     
   14.0000000000000        8.00000000000000       -1.45708300281235     
   14.0000000000000        9.00000000000000       -1.40607522687780     
   14.0000000000000        10.0000000000000       -1.35704663731740     
   14.0000000000000        11.0000000000000       -1.30992881473438     
   14.0000000000000        12.0000000000000       -1.26464240705640     
   14.0000000000000        13.0000000000000       -1.22115522429555     
   14.0000000000000        14.0000000000000       -1.17948066646739     
   14.0000000000000        15.0000000000000       -1.13961594522483     
   14.0000000000000        16.0000000000000       -1.10148738454350     
   14.0000000000000        17.0000000000000       -1.06501597322901     
   14.0000000000000        18.0000000000000       -1.03012567361502     
   14.0000000000000        19.0000000000000      -0.996701185924965     
   14.0000000000000        20.0000000000000      -0.964615418386500     
   14.0000000000000        21.0000000000000      -0.933742982033574     
   14.0000000000000        22.0000000000000      -0.903944292503120     
   14.0000000000000        23.0000000000000      -0.875069713056117     
   14.0000000000000        24.0000000000000      -0.846990546144785     
   14.0000000000000        25.0000000000000      -0.819544402844746     
   15.0000000000000        1.00000000000000       -1.74385854496486     
   15.0000000000000        2.00000000000000       -1.70032319615355     
   15.0000000000000        3.00000000000000       -1.65420407876583     
   15.0000000000000        4.00000000000000       -1.60641408856703     
   15.0000000000000        5.00000000000000       -1.55763111790704     
   15.0000000000000        6.00000000000000       -1.50840907517125     
   15.0000000000000        7.00000000000000       -1.45920016486342     
   15.0000000000000        8.00000000000000       -1.41038767784843     
   15.0000000000000        9.00000000000000       -1.36227498804620     
   15.0000000000000        10.0000000000000       -1.31508803064497     
   15.0000000000000        11.0000000000000       -1.26902804636528     
   15.0000000000000        12.0000000000000       -1.22428422305816     
   15.0000000000000        13.0000000000000       -1.18107069474359     
   15.0000000000000        14.0000000000000       -1.13961510822504     
   15.0000000000000        15.0000000000000       -1.10012712881982     
   15.0000000000000        16.0000000000000       -1.06263749861471     
   15.0000000000000        17.0000000000000       -1.02712745653413     
   15.0000000000000        18.0000000000000      -0.993535839016400     
   15.0000000000000        19.0000000000000      -0.961755608093024     
   15.0000000000000        20.0000000000000      -0.931635855590369     
   15.0000000000000        21.0000000000000      -0.902995165557823     
   15.0000000000000        22.0000000000000      -0.875643522322098     
   15.0000000000000        23.0000000000000      -0.849370661925301     
   15.0000000000000        24.0000000000000      -0.823903093386719     
   15.0000000000000        25.0000000000000      -0.799028829845458     
   16.0000000000000        1.00000000000000       -1.66055008999766     
   16.0000000000000        2.00000000000000       -1.62644327954885     
   16.0000000000000        3.00000000000000       -1.58922124379388     
   16.0000000000000        4.00000000000000       -1.54923535780672     
   16.0000000000000        5.00000000000000       -1.50680165107457     
   16.0000000000000        6.00000000000000       -1.46235848245699     
   16.0000000000000        7.00000000000000       -1.41648169247220     
   16.0000000000000        8.00000000000000       -1.36979192551311     
   16.0000000000000        9.00000000000000       -1.32287807396574     
   16.0000000000000        10.0000000000000       -1.27625496630744     
   16.0000000000000        11.0000000000000       -1.23038938569552     
   16.0000000000000        12.0000000000000       -1.18570441725136     
   16.0000000000000        13.0000000000000       -1.14260836549445     
   16.0000000000000        14.0000000000000       -1.10148290907905     
   16.0000000000000        15.0000000000000       -1.06263389949751     
   16.0000000000000        16.0000000000000       -1.02612112902401     
   16.0000000000000        17.0000000000000      -0.991922136571212     
   16.0000000000000        18.0000000000000      -0.959955871989036     
   16.0000000000000        19.0000000000000      -0.930081924348394     
   16.0000000000000        20.0000000000000      -0.902113329783839     
   16.0000000000000        21.0000000000000      -0.875838547242984     
   16.0000000000000        22.0000000000000      -0.850973272721767     
   16.0000000000000        23.0000000000000      -0.827197024879988     
   16.0000000000000        24.0000000000000      -0.804222098829057     
   16.0000000000000        25.0000000000000      -0.781762984628975     
   17.0000000000000        1.00000000000000       -1.59565775968781     
   17.0000000000000        2.00000000000000       -1.56973483040607     
   17.0000000000000        3.00000000000000       -1.53972755481031     
   17.0000000000000        4.00000000000000       -1.50542248441640     
   17.0000000000000        5.00000000000000       -1.46690413960859     
   17.0000000000000        6.00000000000000       -1.42480445976280     
   17.0000000000000        7.00000000000000       -1.38004956317761     
   17.0000000000000        8.00000000000000       -1.33366524920653     
   17.0000000000000        9.00000000000000       -1.28656712815905     
   17.0000000000000        10.0000000000000       -1.23954166553130     
   17.0000000000000        11.0000000000000       -1.19332401684418     
   17.0000000000000        12.0000000000000       -1.14849277934448     
   17.0000000000000        13.0000000000000       -1.10557976546414     
   17.0000000000000        14.0000000000000       -1.06500530110588     
   17.0000000000000        15.0000000000000       -1.02711826737165     
   17.0000000000000        16.0000000000000      -0.991916929178627     
   17.0000000000000        17.0000000000000      -0.959334947024286     
   17.0000000000000        18.0000000000000      -0.929253626668791     
   17.0000000000000        19.0000000000000      -0.901495340329955     
   17.0000000000000        20.0000000000000      -0.875839262241123     
   17.0000000000000        21.0000000000000      -0.851975794238480     
   17.0000000000000        22.0000000000000      -0.829546629009848     
   17.0000000000000        23.0000000000000      -0.808228268250772     
   17.0000000000000        24.0000000000000      -0.787666562511140     
   17.0000000000000        25.0000000000000      -0.767546442916586     
   18.0000000000000        1.00000000000000       -1.54735515311806     
   18.0000000000000        2.00000000000000       -1.52852432263298     
   18.0000000000000        3.00000000000000       -1.50399539386511     
   18.0000000000000        4.00000000000000       -1.47302117290136     
   18.0000000000000        5.00000000000000       -1.43583487130406     
   18.0000000000000        6.00000000000000       -1.39364941693504     
   18.0000000000000        7.00000000000000       -1.34803321441949     
   18.0000000000000        8.00000000000000       -1.30043014274660     
   18.0000000000000        9.00000000000000       -1.25206443702534     
   18.0000000000000        10.0000000000000       -1.20403607841991     
   18.0000000000000        11.0000000000000       -1.15722459223570     
   18.0000000000000        12.0000000000000       -1.11230911357612     
   18.0000000000000        13.0000000000000       -1.06979932469195     
   18.0000000000000        14.0000000000000       -1.03010741137847     
   18.0000000000000        15.0000000000000      -0.993520135127394     
   18.0000000000000        16.0000000000000      -0.959944830717178     
   18.0000000000000        17.0000000000000      -0.929248070446448     
   18.0000000000000        18.0000000000000      -0.901270648460300     
   18.0000000000000        19.0000000000000      -0.875799919926674     
   18.0000000000000        20.0000000000000      -0.852516146299888     
   18.0000000000000        21.0000000000000      -0.831058726987731     
   18.0000000000000        22.0000000000000      -0.811075505642398     
   18.0000000000000        23.0000000000000      -0.792215337857982     
   18.0000000000000        24.0000000000000      -0.774094284243843     
   18.0000000000000        25.0000000000000      -0.756268692716765     
   19.0000000000000        1.00000000000000       -1.51412181616285     
   19.0000000000000        2.00000000000000       -1.50132822655244     
   19.0000000000000        3.00000000000000       -1.48024949919452     
   19.0000000000000        4.00000000000000       -1.44984478561121     
   19.0000000000000        5.00000000000000       -1.41121568134463     
   19.0000000000000        6.00000000000000       -1.36671398496448     
   19.0000000000000        7.00000000000000       -1.31854242879281     
   19.0000000000000        8.00000000000000       -1.26850529736098     
   19.0000000000000        9.00000000000000       -1.21819500995529     
   19.0000000000000        10.0000000000000       -1.16891233733700     
   19.0000000000000        11.0000000000000       -1.12159115614656     
   19.0000000000000        12.0000000000000       -1.07685631677572     
   19.0000000000000        13.0000000000000       -1.03511378994386     
   19.0000000000000        14.0000000000000      -0.996675041652050     
   19.0000000000000        15.0000000000000      -0.961733349625454     
   19.0000000000000        16.0000000000000      -0.930065137827593     
   19.0000000000000        17.0000000000000      -0.901484523120824     
   19.0000000000000        18.0000000000000      -0.875794933786389     
   19.0000000000000        19.0000000000000      -0.852682044290740     
   19.0000000000000        20.0000000000000      -0.831795135331614     
   19.0000000000000        21.0000000000000      -0.812788581458844     
   19.0000000000000        22.0000000000000      -0.795330476133411     
   19.0000000000000        23.0000000000000      -0.779043635607831     
   19.0000000000000        24.0000000000000      -0.763463315398426     
   19.0000000000000        25.0000000000000      -0.747971804418259     
   20.0000000000000        1.00000000000000       -1.49459506382121     
   20.0000000000000        2.00000000000000       -1.48648562623027     
   20.0000000000000        3.00000000000000       -1.46603694032023     
   20.0000000000000        4.00000000000000       -1.43288043211395     
   20.0000000000000        5.00000000000000       -1.39027065181312     
   20.0000000000000        6.00000000000000       -1.34168602144448     
   20.0000000000000        7.00000000000000       -1.28961148669174     
   20.0000000000000        8.00000000000000       -1.23632656086995     
   20.0000000000000        9.00000000000000       -1.18381772885693     
   20.0000000000000        10.0000000000000       -1.13344460527466     
   20.0000000000000        11.0000000000000       -1.08600735216128     
   20.0000000000000        12.0000000000000       -1.04191308670843     
   20.0000000000000        13.0000000000000       -1.00137760696566     
   20.0000000000000        14.0000000000000      -0.964581744655929     
   20.0000000000000        15.0000000000000      -0.931607473164667     
   20.0000000000000        16.0000000000000      -0.902091345558262     
   20.0000000000000        17.0000000000000      -0.875824031701596     
   20.0000000000000        18.0000000000000      -0.852507682236125     
   20.0000000000000        19.0000000000000      -0.831792352327122     
   20.0000000000000        20.0000000000000      -0.813357025307591     
   20.0000000000000        21.0000000000000      -0.796917232608482     
   20.0000000000000        22.0000000000000      -0.782157927957953     
   20.0000000000000        23.0000000000000      -0.768668357955472     
   20.0000000000000        24.0000000000000      -0.755858327708380     
   20.0000000000000        25.0000000000000      -0.742794645300114     
   21.0000000000000        1.00000000000000       -1.48671688626109     
   21.0000000000000        2.00000000000000       -1.48083374322609     
   21.0000000000000        3.00000000000000       -1.45690325915844     
   21.0000000000000        4.00000000000000       -1.41803934407526     
   21.0000000000000        5.00000000000000       -1.37003087896932     
   21.0000000000000        6.00000000000000       -1.31604913339356     
   21.0000000000000        7.00000000000000       -1.25907030829632     
   21.0000000000000        8.00000000000000       -1.20228288335748     
   21.0000000000000        9.00000000000000       -1.14793242179074     
   21.0000000000000        10.0000000000000       -1.09711316282758     
   21.0000000000000        11.0000000000000       -1.05021500295598     
   21.0000000000000        12.0000000000000       -1.00732696718047     
   21.0000000000000        13.0000000000000      -0.968468678932092     
   21.0000000000000        14.0000000000000      -0.933702379063012     
   21.0000000000000        15.0000000000000      -0.902961273543246     
   21.0000000000000        16.0000000000000      -0.875812296759768     
   21.0000000000000        17.0000000000000      -0.851957990308998     
   21.0000000000000        18.0000000000000      -0.831049602589902     
   21.0000000000000        19.0000000000000      -0.812786886006045     
   21.0000000000000        20.0000000000000      -0.796919535031810     
   21.0000000000000        21.0000000000000      -0.783222480201130     
   21.0000000000000        22.0000000000000      -0.771432183983196     
   21.0000000000000        23.0000000000000      -0.761102103444687     
   21.0000000000000        24.0000000000000      -0.751352452783186     
   21.0000000000000        25.0000000000000      -0.740672885657868     
   22.0000000000000        1.00000000000000       -1.48560593043559     
   22.0000000000000        2.00000000000000       -1.47701677985393     
   22.0000000000000        3.00000000000000       -1.44564446776143     
   22.0000000000000        4.00000000000000       -1.40112797478417     
   22.0000000000000        5.00000000000000       -1.34729803438549     
   22.0000000000000        6.00000000000000       -1.28667466562037     
   22.0000000000000        7.00000000000000       -1.22454287960169     
   22.0000000000000        8.00000000000000       -1.16503382807738     
   22.0000000000000        9.00000000000000       -1.10995567718033     
   22.0000000000000        10.0000000000000       -1.05968612864598     
   22.0000000000000        11.0000000000000       -1.01411130075922     
   22.0000000000000        12.0000000000000      -0.973018145595552     
   22.0000000000000        13.0000000000000      -0.936276328099814     
   22.0000000000000        14.0000000000000      -0.903897263428259     
   22.0000000000000        15.0000000000000      -0.875604958784089     
   22.0000000000000        16.0000000000000      -0.850944523736611     
   22.0000000000000        17.0000000000000      -0.829529097882852     
   22.0000000000000        18.0000000000000      -0.811069657872773     
   22.0000000000000        19.0000000000000      -0.795335199158086     
   22.0000000000000        20.0000000000000      -0.782169752837353     
   22.0000000000000        21.0000000000000      -0.771444052984032     
   22.0000000000000        22.0000000000000      -0.762969909063067     
   22.0000000000000        23.0000000000000      -0.756154613481771     
   22.0000000000000        24.0000000000000      -0.749508837638908     
   22.0000000000000        25.0000000000000      -0.740418946563894     
   23.0000000000000        1.00000000000000       -1.47987663149311     
   23.0000000000000        2.00000000000000       -1.46210534896804     
   23.0000000000000        3.00000000000000       -1.42620164187195     
   23.0000000000000        4.00000000000000       -1.37876099252745     
   23.0000000000000        5.00000000000000       -1.31743324381115     
   23.0000000000000        6.00000000000000       -1.24992289354892     
   23.0000000000000        7.00000000000000       -1.18428761488690     
   23.0000000000000        8.00000000000000       -1.12405666019488     
   23.0000000000000        9.00000000000000       -1.06983728968597     
   23.0000000000000        10.0000000000000       -1.02124208256251     
   23.0000000000000        11.0000000000000      -0.977753160934342     
   23.0000000000000        12.0000000000000      -0.938976005272367     
   23.0000000000000        13.0000000000000      -0.904745502611083     
   23.0000000000000        14.0000000000000      -0.875016857045216     
   23.0000000000000        15.0000000000000      -0.849328898846747     
   23.0000000000000        16.0000000000000      -0.827168346159431     
   23.0000000000000        17.0000000000000      -0.808214405113550     
   23.0000000000000        18.0000000000000      -0.792217071324303     
   23.0000000000000        19.0000000000000      -0.779060438471919     
   23.0000000000000        20.0000000000000      -0.768697504681014     
   23.0000000000000        21.0000000000000      -0.761137243943718     
   23.0000000000000        22.0000000000000      -0.756183020875689     
   23.0000000000000        23.0000000000000      -0.752795907491088     
   23.0000000000000        24.0000000000000      -0.748127979996644     
   23.0000000000000        25.0000000000000      -0.738247262811773     
   24.0000000000000        1.00000000000000       -1.45379580489709     
   24.0000000000000        2.00000000000000       -1.43118873248806     
   24.0000000000000        3.00000000000000       -1.39846846158108     
   24.0000000000000        4.00000000000000       -1.34483640949214     
   24.0000000000000        5.00000000000000       -1.27530083768734     
   24.0000000000000        6.00000000000000       -1.20404130911184     
   24.0000000000000        7.00000000000000       -1.13836750341344     
   24.0000000000000        8.00000000000000       -1.07987551570489     
   24.0000000000000        9.00000000000000       -1.02806359573002     
   24.0000000000000        10.0000000000000      -0.982089671681440     
   24.0000000000000        11.0000000000000      -0.941282229529714     
   24.0000000000000        12.0000000000000      -0.905239700563936     
   24.0000000000000        13.0000000000000      -0.873835790666419     
   24.0000000000000        14.0000000000000      -0.846933197601612     
   24.0000000000000        15.0000000000000      -0.823860385856869     
   24.0000000000000        16.0000000000000      -0.804196177486005     
   24.0000000000000        17.0000000000000      -0.787659225743369     
   24.0000000000000        18.0000000000000      -0.774106674170524     
   24.0000000000000        19.0000000000000      -0.763495564206405     
   24.0000000000000        20.0000000000000      -0.755908964107371     
   24.0000000000000        21.0000000000000      -0.751417000113418     
   24.0000000000000        22.0000000000000      -0.749576820159874     
   24.0000000000000        23.0000000000000      -0.748177041355349     
   24.0000000000000        24.0000000000000      -0.742479325115414     
   24.0000000000000        25.0000000000000      -0.729798842143747     
   25.0000000000000        1.00000000000000       -1.41753426052429     
   25.0000000000000        2.00000000000000       -1.39628042867775     
   25.0000000000000        3.00000000000000       -1.35773465669321     
   25.0000000000000        4.00000000000000       -1.29394485379970     
   25.0000000000000        5.00000000000000       -1.22065615961388     
   25.0000000000000        6.00000000000000       -1.15081400863225     
   25.0000000000000        7.00000000000000       -1.08848466214539     
   25.0000000000000        8.00000000000000       -1.03365897042879     
   25.0000000000000        9.00000000000000      -0.985337445506631     
   25.0000000000000        10.0000000000000      -0.942615794972496     
   25.0000000000000        11.0000000000000      -0.904901131979123     
   25.0000000000000        12.0000000000000      -0.871896126359413     
   25.0000000000000        13.0000000000000      -0.843574009809275     
   25.0000000000000        14.0000000000000      -0.819484848765180     
   25.0000000000000        15.0000000000000      -0.798987517749046     
   25.0000000000000        16.0000000000000      -0.781741706758428     
   25.0000000000000        17.0000000000000      -0.767546715785269     
   25.0000000000000        18.0000000000000      -0.756291250402906     
   25.0000000000000        19.0000000000000      -0.748016244076081     
   25.0000000000000        20.0000000000000      -0.742858902287760     
   25.0000000000000        21.0000000000000      -0.740751675789987     
   25.0000000000000        22.0000000000000      -0.740500730503540     
   25.0000000000000        23.0000000000000      -0.738310581920851     
   25.0000000000000        24.0000000000000      -0.729819302116237     
   25.0000000000000        25.0000000000000      -0.718040310955347     
