   1.00000000000000        1.00000000000000       -3.41603385356594     
   1.00000000000000        2.00000000000000       -3.39374850139905     
   1.00000000000000        3.00000000000000       -3.26789679681037     
   1.00000000000000        4.00000000000000       -3.05968541074524     
   1.00000000000000        5.00000000000000       -2.82948165663465     
   1.00000000000000        6.00000000000000       -2.61390751444416     
   1.00000000000000        7.00000000000000       -2.42265605521721     
   1.00000000000000        8.00000000000000       -2.25447584830359     
   1.00000000000000        9.00000000000000       -2.10572629347460     
   1.00000000000000        10.0000000000000       -1.97319737187242     
   1.00000000000000        11.0000000000000       -1.85481997718490     
   1.00000000000000        12.0000000000000       -1.74911453314434     
   1.00000000000000        13.0000000000000       -1.65594984305414     
   1.00000000000000        14.0000000000000       -1.57786271203358     
   1.00000000000000        15.0000000000000       -1.51280861056820     
   1.00000000000000        16.0000000000000       -1.45950897470171     
   1.00000000000000        17.0000000000000       -1.41719339420101     
   1.00000000000000        18.0000000000000       -1.38531361584880     
   1.00000000000000        19.0000000000000       -1.36368527074681     
   1.00000000000000        20.0000000000000       -1.35229992205820     
   1.00000000000000        21.0000000000000       -1.35063705570681     
   1.00000000000000        22.0000000000000       -1.35572419498129     
   1.00000000000000        23.0000000000000       -1.35866478913199     
   1.00000000000000        24.0000000000000       -1.34636462462282     
   1.00000000000000        25.0000000000000       -1.31910206564326     
   2.00000000000000        1.00000000000000       -3.55469790055284     
   2.00000000000000        2.00000000000000       -3.49465286534428     
   2.00000000000000        3.00000000000000       -3.28064305133897     
   2.00000000000000        4.00000000000000       -3.03156542427035     
   2.00000000000000        5.00000000000000       -2.79373809091025     
   2.00000000000000        6.00000000000000       -2.58139398982748     
   2.00000000000000        7.00000000000000       -2.39473308335043     
   2.00000000000000        8.00000000000000       -2.23013294469495     
   2.00000000000000        9.00000000000000       -2.08385125813284     
   2.00000000000000        10.0000000000000       -1.95318927688333     
   2.00000000000000        11.0000000000000       -1.83604024032837     
   2.00000000000000        12.0000000000000       -1.73179695108947     
   2.00000000000000        13.0000000000000       -1.64200275818815     
   2.00000000000000        14.0000000000000       -1.56727999688393     
   2.00000000000000        15.0000000000000       -1.50534086974068     
   2.00000000000000        16.0000000000000       -1.45499253681581     
   2.00000000000000        17.0000000000000       -1.41557994431355     
   2.00000000000000        18.0000000000000       -1.38665743712806     
   2.00000000000000        19.0000000000000       -1.36805636914856     
   2.00000000000000        20.0000000000000       -1.35958127903656     
   2.00000000000000        21.0000000000000       -1.35986983956961     
   2.00000000000000        22.0000000000000       -1.36371782045720     
   2.00000000000000        23.0000000000000       -1.35955563128922     
   2.00000000000000        24.0000000000000       -1.33791578506948     
   2.00000000000000        25.0000000000000       -1.30743417784869     
   3.00000000000000        1.00000000000000       -3.61606232372721     
   3.00000000000000        2.00000000000000       -3.48124919875660     
   3.00000000000000        3.00000000000000       -3.22830385815870     
   3.00000000000000        4.00000000000000       -2.96968594723498     
   3.00000000000000        5.00000000000000       -2.73652653264507     
   3.00000000000000        6.00000000000000       -2.53176455252700     
   3.00000000000000        7.00000000000000       -2.35175881617010     
   3.00000000000000        8.00000000000000       -2.19213385180991     
   3.00000000000000        9.00000000000000       -2.04965932258145     
   3.00000000000000        10.0000000000000       -1.92158569215267     
   3.00000000000000        11.0000000000000       -1.80691110458688     
   3.00000000000000        12.0000000000000       -1.70575632000141     
   3.00000000000000        13.0000000000000       -1.62102236282854     
   3.00000000000000        14.0000000000000       -1.55028340991347     
   3.00000000000000        15.0000000000000       -1.49184541592978     
   3.00000000000000        16.0000000000000       -1.44460133262904     
   3.00000000000000        17.0000000000000       -1.40797104702811     
   3.00000000000000        18.0000000000000       -1.38147046688614     
   3.00000000000000        19.0000000000000       -1.36475483689784     
   3.00000000000000        20.0000000000000       -1.35701864987179     
   3.00000000000000        21.0000000000000       -1.35548895013900     
   3.00000000000000        22.0000000000000       -1.35318389302377     
   3.00000000000000        23.0000000000000       -1.34012490575701     
   3.00000000000000        24.0000000000000       -1.31529461253898     
   3.00000000000000        25.0000000000000       -1.28017545331498     
   4.00000000000000        1.00000000000000       -3.50120459933750     
   4.00000000000000        2.00000000000000       -3.34365291970755     
   4.00000000000000        3.00000000000000       -3.10861527886048     
   4.00000000000000        4.00000000000000       -2.87187809779156     
   4.00000000000000        5.00000000000000       -2.65636576310953     
   4.00000000000000        6.00000000000000       -2.46476560038234     
   4.00000000000000        7.00000000000000       -2.29401558077093     
   4.00000000000000        8.00000000000000       -2.14112030544709     
   4.00000000000000        9.00000000000000       -2.00346463023323     
   4.00000000000000        10.0000000000000       -1.87958512696335     
   4.00000000000000        11.0000000000000       -1.76851967205547     
   4.00000000000000        12.0000000000000       -1.67345890838016     
   4.00000000000000        13.0000000000000       -1.59415097284361     
   4.00000000000000        14.0000000000000       -1.52769948138790     
   4.00000000000000        15.0000000000000       -1.47284065259512     
   4.00000000000000        16.0000000000000       -1.42857737152981     
   4.00000000000000        17.0000000000000       -1.39420257991843     
   4.00000000000000        18.0000000000000       -1.36904632458816     
   4.00000000000000        19.0000000000000       -1.35228452204998     
   4.00000000000000        20.0000000000000       -1.34206894828410     
   4.00000000000000        21.0000000000000       -1.33435687562924     
   4.00000000000000        22.0000000000000       -1.32265137418844     
   4.00000000000000        23.0000000000000       -1.30215332895328     
   4.00000000000000        24.0000000000000       -1.27188224176479     
   4.00000000000000        25.0000000000000       -1.22592906745246     
   5.00000000000000        1.00000000000000       -3.30478650116920     
   5.00000000000000        2.00000000000000       -3.15613441583762     
   5.00000000000000        3.00000000000000       -2.95600513335062     
   5.00000000000000        4.00000000000000       -2.75079635946935     
   5.00000000000000        5.00000000000000       -2.55832207948652     
   5.00000000000000        6.00000000000000       -2.38268135743857     
   5.00000000000000        7.00000000000000       -2.22336218656235     
   5.00000000000000        8.00000000000000       -2.07872701529340     
   5.00000000000000        9.00000000000000       -1.94726523812224     
   5.00000000000000        10.0000000000000       -1.82847084605849     
   5.00000000000000        11.0000000000000       -1.72404166645778     
   5.00000000000000        12.0000000000000       -1.63637084044852     
   5.00000000000000        13.0000000000000       -1.56251128201100     
   5.00000000000000        14.0000000000000       -1.50045483658768     
   5.00000000000000        15.0000000000000       -1.44897456044438     
   5.00000000000000        16.0000000000000       -1.40718403044751     
   5.00000000000000        17.0000000000000       -1.37419080465882     
   5.00000000000000        18.0000000000000       -1.34896551243412     
   5.00000000000000        19.0000000000000       -1.32997083228389     
   5.00000000000000        20.0000000000000       -1.31455782958650     
   5.00000000000000        21.0000000000000       -1.29869986899138     
   5.00000000000000        22.0000000000000       -1.27814951964130     
   5.00000000000000        23.0000000000000       -1.25025066666562     
   5.00000000000000        24.0000000000000       -1.21205066900071     
   5.00000000000000        25.0000000000000       -1.16063173180101     
   6.00000000000000        1.00000000000000       -3.09347214533173     
   6.00000000000000        2.00000000000000       -2.96255741892565     
   6.00000000000000        3.00000000000000       -2.79462110948542     
   6.00000000000000        4.00000000000000       -2.61923567978374     
   6.00000000000000        5.00000000000000       -2.44918005759029     
   6.00000000000000        6.00000000000000       -2.28995893858693     
   6.00000000000000        7.00000000000000       -2.14291487445840     
   6.00000000000000        8.00000000000000       -2.00728433914766     
   6.00000000000000        9.00000000000000       -1.88296489109900     
   6.00000000000000        10.0000000000000       -1.77146008206338     
   6.00000000000000        11.0000000000000       -1.67636422699568     
   6.00000000000000        12.0000000000000       -1.59580392418636     
   6.00000000000000        13.0000000000000       -1.52730608165864     
   6.00000000000000        14.0000000000000       -1.46933678031445     
   6.00000000000000        15.0000000000000       -1.42083687614064     
   6.00000000000000        16.0000000000000       -1.38086456679666     
   6.00000000000000        17.0000000000000       -1.34827108964338     
   6.00000000000000        18.0000000000000       -1.32160827165449     
   6.00000000000000        19.0000000000000       -1.29891964010167     
   6.00000000000000        20.0000000000000       -1.27746879306599     
   6.00000000000000        21.0000000000000       -1.25415455737451     
   6.00000000000000        22.0000000000000       -1.22638830066726     
   6.00000000000000        23.0000000000000       -1.19200878487891     
   6.00000000000000        24.0000000000000       -1.14905989327947     
   6.00000000000000        25.0000000000000       -1.09756664341435     
   7.00000000000000        1.00000000000000       -2.89219284252579     
   7.00000000000000        2.00000000000000       -2.77784644251620     
   7.00000000000000        3.00000000000000       -2.63567470253595     
   7.00000000000000        4.00000000000000       -2.48452894931177     
   7.00000000000000        5.00000000000000       -2.33461634487857     
   7.00000000000000        6.00000000000000       -2.19106568190884     
   7.00000000000000        7.00000000000000       -2.05550916706905     
   7.00000000000000        8.00000000000000       -1.92910084456940     
   7.00000000000000        9.00000000000000       -1.81361439449890     
   7.00000000000000        10.0000000000000       -1.71337940817795     
   7.00000000000000        11.0000000000000       -1.62706183577164     
   7.00000000000000        12.0000000000000       -1.55305733452326     
   7.00000000000000        13.0000000000000       -1.48951752876523     
   7.00000000000000        14.0000000000000       -1.43523172357190     
   7.00000000000000        15.0000000000000       -1.38916995074076     
   7.00000000000000        16.0000000000000       -1.35026536532144     
   7.00000000000000        17.0000000000000       -1.31718420638392     
   7.00000000000000        18.0000000000000       -1.28829971248797     
   7.00000000000000        19.0000000000000       -1.26158127520696     
   7.00000000000000        20.0000000000000       -1.23475094470028     
   7.00000000000000        21.0000000000000       -1.20570484529841     
   7.00000000000000        22.0000000000000       -1.17271564339978     
   7.00000000000000        23.0000000000000       -1.13441119593490     
   7.00000000000000        24.0000000000000       -1.09021922710780     
   7.00000000000000        25.0000000000000       -1.04105922935249     
   8.00000000000000        1.00000000000000       -2.70653315455549     
   8.00000000000000        2.00000000000000       -2.60566486213107     
   8.00000000000000        3.00000000000000       -2.48313902088333     
   8.00000000000000        4.00000000000000       -2.35148754122142     
   8.00000000000000        5.00000000000000       -2.21855947584012     
   8.00000000000000        6.00000000000000       -2.08877674462549     
   8.00000000000000        7.00000000000000       -1.96426745872638     
   8.00000000000000        8.00000000000000       -1.84822867917074     
   8.00000000000000        9.00000000000000       -1.74574382292037     
   8.00000000000000        10.0000000000000       -1.65591675738198     
   8.00000000000000        11.0000000000000       -1.57743768096290     
   8.00000000000000        12.0000000000000       -1.50930667525692     
   8.00000000000000        13.0000000000000       -1.45017262319300     
   8.00000000000000        14.0000000000000       -1.39897551639733     
   8.00000000000000        15.0000000000000       -1.35472083994797     
   8.00000000000000        16.0000000000000       -1.31624521405141     
   8.00000000000000        17.0000000000000       -1.28216056948889     
   8.00000000000000        18.0000000000000       -1.25086402595182     
   8.00000000000000        19.0000000000000       -1.22056821827594     
   8.00000000000000        20.0000000000000       -1.18964232610575     
   8.00000000000000        21.0000000000000       -1.15667304662360     
   8.00000000000000        22.0000000000000       -1.12059836193632     
   8.00000000000000        23.0000000000000       -1.08080778852226     
   8.00000000000000        24.0000000000000       -1.03740360753615     
   8.00000000000000        25.0000000000000      -0.991297225769542     
   9.00000000000000        1.00000000000000       -2.53561919440546     
   9.00000000000000        2.00000000000000       -2.44582429019884     
   9.00000000000000        3.00000000000000       -2.33900757508988     
   9.00000000000000        4.00000000000000       -2.22237280131890     
   9.00000000000000        5.00000000000000       -2.10353941785717     
   9.00000000000000        6.00000000000000       -1.98595214443960     
   9.00000000000000        7.00000000000000       -1.87321341638290     
   9.00000000000000        8.00000000000000       -1.77184297136203     
   9.00000000000000        9.00000000000000       -1.68115834430730     
   9.00000000000000        10.0000000000000       -1.60026372482843     
   9.00000000000000        11.0000000000000       -1.52856313630140     
   9.00000000000000        12.0000000000000       -1.46551168960259     
   9.00000000000000        13.0000000000000       -1.41007726165016     
   9.00000000000000        14.0000000000000       -1.36134473586437     
   9.00000000000000        15.0000000000000       -1.31833910014848     
   9.00000000000000        16.0000000000000       -1.27981035214657     
   9.00000000000000        17.0000000000000       -1.24452182521503     
   9.00000000000000        18.0000000000000       -1.21101149990360     
   9.00000000000000        19.0000000000000       -1.17798807159177     
   9.00000000000000        20.0000000000000       -1.14429435962843     
   9.00000000000000        21.0000000000000       -1.10902890275940     
   9.00000000000000        22.0000000000000       -1.07167057841122     
   9.00000000000000        23.0000000000000       -1.03201802172943     
   9.00000000000000        24.0000000000000      -0.990382305000157     
   9.00000000000000        25.0000000000000      -0.947426511767581     
   10.0000000000000        1.00000000000000       -2.37782016369683     
   10.0000000000000        2.00000000000000       -2.29788257000537     
   10.0000000000000        3.00000000000000       -2.20245497474358     
   10.0000000000000        4.00000000000000       -2.09908253769313     
   10.0000000000000        5.00000000000000       -1.99201645791361     
   10.0000000000000        6.00000000000000       -1.88710188042284     
   10.0000000000000        7.00000000000000       -1.79042077701393     
   10.0000000000000        8.00000000000000       -1.70172514603648     
   10.0000000000000        9.00000000000000       -1.62073864568666     
   10.0000000000000        10.0000000000000       -1.54730840768528     
   10.0000000000000        11.0000000000000       -1.48129269193677     
   10.0000000000000        12.0000000000000       -1.42243403076204     
   10.0000000000000        13.0000000000000       -1.36999202919020     
   10.0000000000000        14.0000000000000       -1.32308139732016     
   10.0000000000000        15.0000000000000       -1.28075617248063     
   10.0000000000000        16.0000000000000       -1.24189814533501     
   10.0000000000000        17.0000000000000       -1.20540641508622     
   10.0000000000000        18.0000000000000       -1.17018758159095     
   10.0000000000000        19.0000000000000       -1.13530018974752     
   10.0000000000000        20.0000000000000       -1.09999345849777     
   10.0000000000000        21.0000000000000       -1.06378455234190     
   10.0000000000000        22.0000000000000       -1.02642826528835     
   10.0000000000000        23.0000000000000      -0.987926697254421     
   10.0000000000000        24.0000000000000      -0.948542869485518     
   10.0000000000000        25.0000000000000      -0.908676856924333     
   11.0000000000000        1.00000000000000       -2.23271159962104     
   11.0000000000000        2.00000000000000       -2.16003340404601     
   11.0000000000000        3.00000000000000       -2.07483485120607     
   11.0000000000000        4.00000000000000       -1.98209346048991     
   11.0000000000000        5.00000000000000       -1.88939831543817     
   11.0000000000000        6.00000000000000       -1.80084497532127     
   11.0000000000000        7.00000000000000       -1.71699516208162     
   11.0000000000000        8.00000000000000       -1.63827173181241     
   11.0000000000000        9.00000000000000       -1.56506421344609     
   11.0000000000000        10.0000000000000       -1.49767909917741     
   11.0000000000000        11.0000000000000       -1.43624723302010     
   11.0000000000000        12.0000000000000       -1.38065756187336     
   11.0000000000000        13.0000000000000       -1.33042690119004     
   11.0000000000000        14.0000000000000       -1.28471015201683     
   11.0000000000000        15.0000000000000       -1.24264404549874     
   11.0000000000000        16.0000000000000       -1.20330812052140     
   11.0000000000000        17.0000000000000       -1.16582737128968     
   11.0000000000000        18.0000000000000       -1.12940666761080     
   11.0000000000000        19.0000000000000       -1.09346545101223     
   11.0000000000000        20.0000000000000       -1.05755120264851     
   11.0000000000000        21.0000000000000       -1.02143153863694     
   11.0000000000000        22.0000000000000      -0.984987476278805     
   11.0000000000000        23.0000000000000      -0.948273140253468     
   11.0000000000000        24.0000000000000      -0.911402022484499     
   11.0000000000000        25.0000000000000      -0.874591014756077     
   12.0000000000000        1.00000000000000       -2.09857590523906     
   12.0000000000000        2.00000000000000       -2.03294670423005     
   12.0000000000000        3.00000000000000       -1.95792864492598     
   12.0000000000000        4.00000000000000       -1.88066670918168     
   12.0000000000000        5.00000000000000       -1.80321117934060     
   12.0000000000000        6.00000000000000       -1.72676565061713     
   12.0000000000000        7.00000000000000       -1.65250619109238     
   12.0000000000000        8.00000000000000       -1.58147344232809     
   12.0000000000000        9.00000000000000       -1.51438527832952     
   12.0000000000000        10.0000000000000       -1.45172544003671     
   12.0000000000000        11.0000000000000       -1.39378358815181     
   12.0000000000000        12.0000000000000       -1.34055808321845     
   12.0000000000000        13.0000000000000       -1.29173139294475     
   12.0000000000000        14.0000000000000       -1.24662734845251     
   12.0000000000000        15.0000000000000       -1.20448830464127     
   12.0000000000000        16.0000000000000       -1.16463093580065     
   12.0000000000000        17.0000000000000       -1.12642815014008     
   12.0000000000000        18.0000000000000       -1.08940417669555     
   12.0000000000000        19.0000000000000       -1.05316408115101     
   12.0000000000000        20.0000000000000       -1.01748746188058     
   12.0000000000000        21.0000000000000      -0.982241656600355     
   12.0000000000000        22.0000000000000      -0.947351757024872     
   12.0000000000000        23.0000000000000      -0.912831382965016     
   12.0000000000000        24.0000000000000      -0.878681782310431     
   12.0000000000000        25.0000000000000      -0.844956571599477     
   13.0000000000000        1.00000000000000       -1.97617537851289     
   13.0000000000000        2.00000000000000       -1.92204522229427     
   13.0000000000000        3.00000000000000       -1.86130034469667     
   13.0000000000000        4.00000000000000       -1.79654195676462     
   13.0000000000000        5.00000000000000       -1.72957993138637     
   13.0000000000000        6.00000000000000       -1.66215613842547     
   13.0000000000000        7.00000000000000       -1.59539033281760     
   13.0000000000000        8.00000000000000       -1.53049438470801     
   13.0000000000000        9.00000000000000       -1.46823966461052     
   13.0000000000000        10.0000000000000       -1.40929333440711     
   13.0000000000000        11.0000000000000       -1.35393659086083     
   13.0000000000000        12.0000000000000       -1.30224018049013     
   13.0000000000000        13.0000000000000       -1.25406008343561     
   13.0000000000000        14.0000000000000       -1.20905253816249     
   13.0000000000000        15.0000000000000       -1.16665391967100     
   13.0000000000000        16.0000000000000       -1.12637653162185     
   13.0000000000000        17.0000000000000       -1.08783231959796     
   13.0000000000000        18.0000000000000       -1.05073998851210     
   13.0000000000000        19.0000000000000       -1.01488268460041     
   13.0000000000000        20.0000000000000      -0.980147044632161     
   13.0000000000000        21.0000000000000      -0.946412069933993     
   13.0000000000000        22.0000000000000      -0.913600765478602     
   13.0000000000000        23.0000000000000      -0.881616224386115     
   13.0000000000000        24.0000000000000      -0.850378087302759     
   13.0000000000000        25.0000000000000      -0.819829970930431     
   14.0000000000000        1.00000000000000       -1.87562886182138     
   14.0000000000000        2.00000000000000       -1.83152149261811     
   14.0000000000000        3.00000000000000       -1.78075809002821     
   14.0000000000000        4.00000000000000       -1.72520616313207     
   14.0000000000000        5.00000000000000       -1.66658464809630     
   14.0000000000000        6.00000000000000       -1.60613996584910     
   14.0000000000000        7.00000000000000       -1.54523368101108     
   14.0000000000000        8.00000000000000       -1.48501325588038     
   14.0000000000000        9.00000000000000       -1.42638802440704     
   14.0000000000000        10.0000000000000       -1.37006085485283     
   14.0000000000000        11.0000000000000       -1.31637551645346     
   14.0000000000000        12.0000000000000       -1.26550472549584     
   14.0000000000000        13.0000000000000       -1.21746030720873     
   14.0000000000000        14.0000000000000       -1.17216071249704     
   14.0000000000000        15.0000000000000       -1.12941260002704     
   14.0000000000000        16.0000000000000       -1.08894229283725     
   14.0000000000000        17.0000000000000       -1.05049390194957     
   14.0000000000000        18.0000000000000       -1.01391367066291     
   14.0000000000000        19.0000000000000      -0.979083922033192     
   14.0000000000000        20.0000000000000      -0.945892474806310     
   14.0000000000000        21.0000000000000      -0.914210112416257     
   14.0000000000000        22.0000000000000      -0.883882091335354     
   14.0000000000000        23.0000000000000      -0.854745673143270     
   14.0000000000000        24.0000000000000      -0.826608115736572     
   14.0000000000000        25.0000000000000      -0.799139448772419     
   15.0000000000000        1.00000000000000       -1.79265266909231     
   15.0000000000000        2.00000000000000       -1.75670248441127     
   15.0000000000000        3.00000000000000       -1.71400878176073     
   15.0000000000000        4.00000000000000       -1.66582285118389     
   15.0000000000000        5.00000000000000       -1.61352703485957     
   15.0000000000000        6.00000000000000       -1.55833360438356     
   15.0000000000000        7.00000000000000       -1.50163780303046     
   15.0000000000000        8.00000000000000       -1.44461999481077     
   15.0000000000000        9.00000000000000       -1.38833326231551     
   15.0000000000000        10.0000000000000       -1.33346978388246     
   15.0000000000000        11.0000000000000       -1.28055091867022     
   15.0000000000000        12.0000000000000       -1.22988992139197     
   15.0000000000000        13.0000000000000       -1.18169211563757     
   15.0000000000000        14.0000000000000       -1.13607317010669     
   15.0000000000000        15.0000000000000       -1.09312865961851     
   15.0000000000000        16.0000000000000       -1.05278434793536     
   15.0000000000000        17.0000000000000       -1.01492622946077     
   15.0000000000000        18.0000000000000      -0.979444568863678     
   15.0000000000000        19.0000000000000      -0.946220584151950     
   15.0000000000000        20.0000000000000      -0.915104128437123     
   15.0000000000000        21.0000000000000      -0.885900069696800     
   15.0000000000000        22.0000000000000      -0.858372775653880     
   15.0000000000000        23.0000000000000      -0.832181976311824     
   15.0000000000000        24.0000000000000      -0.806869927222343     
   15.0000000000000        25.0000000000000      -0.782113202600015     
   16.0000000000000        1.00000000000000       -1.72485950842254     
   16.0000000000000        2.00000000000000       -1.69593715292183     
   16.0000000000000        3.00000000000000       -1.65994494620253     
   16.0000000000000        4.00000000000000       -1.61763767576758     
   16.0000000000000        5.00000000000000       -1.56993556527254     
   16.0000000000000        6.00000000000000       -1.51819095641229     
   16.0000000000000        7.00000000000000       -1.46391186724888     
   16.0000000000000        8.00000000000000       -1.40850521114140     
   16.0000000000000        9.00000000000000       -1.35314237425074     
   16.0000000000000        10.0000000000000       -1.29867696932112     
   16.0000000000000        11.0000000000000       -1.24576258302685     
   16.0000000000000        12.0000000000000       -1.19487806456307     
   16.0000000000000        13.0000000000000       -1.14643131355159     
   16.0000000000000        14.0000000000000       -1.10072121512694     
   16.0000000000000        15.0000000000000       -1.05799106708652     
   16.0000000000000        16.0000000000000       -1.01831566796039     
   16.0000000000000        17.0000000000000      -0.981613963218726     
   16.0000000000000        18.0000000000000      -0.947771613434557     
   16.0000000000000        19.0000000000000      -0.916626212323558     
   16.0000000000000        20.0000000000000      -0.887958061654284     
   16.0000000000000        21.0000000000000      -0.861494712191984     
   16.0000000000000        22.0000000000000      -0.836764836278781     
   16.0000000000000        23.0000000000000      -0.813282067925265     
   16.0000000000000        24.0000000000000      -0.790637248549828     
   16.0000000000000        25.0000000000000      -0.768420091618361     
   17.0000000000000        1.00000000000000       -1.67126235351474     
   17.0000000000000        2.00000000000000       -1.64871661945228     
   17.0000000000000        3.00000000000000       -1.61828240156918     
   17.0000000000000        4.00000000000000       -1.58010388849546     
   17.0000000000000        5.00000000000000       -1.53498580051969     
   17.0000000000000        6.00000000000000       -1.48463111653084     
   17.0000000000000        7.00000000000000       -1.43089653444737     
   17.0000000000000        8.00000000000000       -1.37551845485284     
   17.0000000000000        9.00000000000000       -1.31981399227662     
   17.0000000000000        10.0000000000000       -1.26477420484211     
   17.0000000000000        11.0000000000000       -1.21130006532497     
   17.0000000000000        12.0000000000000       -1.16000800152055     
   17.0000000000000        13.0000000000000       -1.11146892159510     
   17.0000000000000        14.0000000000000       -1.06605890658432     
   17.0000000000000        15.0000000000000       -1.02409994970952     
   17.0000000000000        16.0000000000000      -0.985678962229645     
   17.0000000000000        17.0000000000000      -0.950687172749237     
   17.0000000000000        18.0000000000000      -0.918959695020779     
   17.0000000000000        19.0000000000000      -0.890268400453265     
   17.0000000000000        20.0000000000000      -0.864311289690499     
   17.0000000000000        21.0000000000000      -0.840566522718930     
   17.0000000000000        22.0000000000000      -0.818527393910772     
   17.0000000000000        23.0000000000000      -0.797731351981878     
   17.0000000000000        24.0000000000000      -0.777671094100328     
   17.0000000000000        25.0000000000000      -0.757937947966869     
   18.0000000000000        1.00000000000000       -1.63131748948064     
   18.0000000000000        2.00000000000000       -1.61474155998140     
   18.0000000000000        3.00000000000000       -1.58855805121694     
   18.0000000000000        4.00000000000000       -1.55238045324590     
   18.0000000000000        5.00000000000000       -1.50742741329813     
   18.0000000000000        6.00000000000000       -1.45616294404181     
   18.0000000000000        7.00000000000000       -1.40112173557678     
   18.0000000000000        8.00000000000000       -1.34426620189957     
   18.0000000000000        9.00000000000000       -1.28706390686479     
   18.0000000000000        10.0000000000000       -1.23081089648881     
   18.0000000000000        11.0000000000000       -1.17652567832449     
   18.0000000000000        12.0000000000000       -1.12497946164136     
   18.0000000000000        13.0000000000000       -1.07672073851192     
   18.0000000000000        14.0000000000000       -1.03215947556839     
   18.0000000000000        15.0000000000000      -0.991582646643552     
   18.0000000000000        16.0000000000000      -0.954987350079851     
   18.0000000000000        17.0000000000000      -0.922192431788053     
   18.0000000000000        18.0000000000000      -0.892968156343595     
   18.0000000000000        19.0000000000000      -0.867002330274975     
   18.0000000000000        20.0000000000000      -0.843766360999323     
   18.0000000000000        21.0000000000000      -0.822745263088512     
   18.0000000000000        22.0000000000000      -0.803442407222416     
   18.0000000000000        23.0000000000000      -0.785345667566963     
   18.0000000000000        24.0000000000000      -0.767923911396052     
   18.0000000000000        25.0000000000000      -0.750638796985284     
   19.0000000000000        1.00000000000000       -1.60508180952838     
   19.0000000000000        2.00000000000000       -1.59397719312272     
   19.0000000000000        3.00000000000000       -1.57014717172965     
   19.0000000000000        4.00000000000000       -1.53304332177360     
   19.0000000000000        5.00000000000000       -1.48531279904737     
   19.0000000000000        6.00000000000000       -1.43089310078866     
   19.0000000000000        7.00000000000000       -1.37280612359590     
   19.0000000000000        8.00000000000000       -1.31314512809479     
   19.0000000000000        9.00000000000000       -1.25369456629243     
   19.0000000000000        10.0000000000000       -1.19595604532813     
   19.0000000000000        11.0000000000000       -1.14102699418681     
   19.0000000000000        12.0000000000000       -1.08964114833309     
   19.0000000000000        13.0000000000000       -1.04224577726656     
   19.0000000000000        14.0000000000000      -0.999158264377972     
   19.0000000000000        15.0000000000000      -0.960566097232893     
   19.0000000000000        16.0000000000000      -0.926297377425772     
   19.0000000000000        17.0000000000000      -0.896095762627913     
   19.0000000000000        18.0000000000000      -0.869657002311666     
   19.0000000000000        19.0000000000000      -0.846455221379908     
   19.0000000000000        20.0000000000000      -0.825998908373450     
   19.0000000000000        21.0000000000000      -0.807798100803423     
   19.0000000000000        22.0000000000000      -0.791357430526104     
   19.0000000000000        23.0000000000000      -0.776115629518413     
   19.0000000000000        24.0000000000000      -0.761449125565302     
   19.0000000000000        25.0000000000000      -0.746672615690641     
   20.0000000000000        1.00000000000000       -1.59269593684409     
   20.0000000000000        2.00000000000000       -1.58592557157489     
   20.0000000000000        3.00000000000000       -1.56110196550622     
   20.0000000000000        4.00000000000000       -1.51909314527623     
   20.0000000000000        5.00000000000000       -1.46584805351515     
   20.0000000000000        6.00000000000000       -1.40650352710520     
   20.0000000000000        7.00000000000000       -1.34392447773418     
   20.0000000000000        8.00000000000000       -1.28053355301097     
   20.0000000000000        9.00000000000000       -1.21856018884220     
   20.0000000000000        10.0000000000000       -1.15959529777685     
   20.0000000000000        11.0000000000000       -1.10459951965137     
   20.0000000000000        12.0000000000000       -1.05405848671395     
   20.0000000000000        13.0000000000000       -1.00820501275476     
   20.0000000000000        14.0000000000000      -0.967208338795889     
   20.0000000000000        15.0000000000000      -0.931125572238214     
   20.0000000000000        16.0000000000000      -0.899578862841502     
   20.0000000000000        17.0000000000000      -0.872261420084192     
   20.0000000000000        18.0000000000000      -0.848666291075425     
   20.0000000000000        19.0000000000000      -0.828307477545068     
   20.0000000000000        20.0000000000000      -0.810743181979277     
   20.0000000000000        21.0000000000000      -0.795546496205430     
   20.0000000000000        22.0000000000000      -0.782211405139097     
   20.0000000000000        23.0000000000000      -0.770107133820194     
   20.0000000000000        24.0000000000000      -0.758456965845793     
   20.0000000000000        25.0000000000000      -0.746302400489237     
   21.0000000000000        1.00000000000000       -1.59297384503843     
   21.0000000000000        2.00000000000000       -1.58743858872878     
   21.0000000000000        3.00000000000000       -1.55608446754636     
   21.0000000000000        4.00000000000000       -1.50572257781854     
   21.0000000000000        5.00000000000000       -1.44586285535591     
   21.0000000000000        6.00000000000000       -1.38037287018036     
   21.0000000000000        7.00000000000000       -1.31219389869908     
   21.0000000000000        8.00000000000000       -1.24480736367008     
   21.0000000000000        9.00000000000000       -1.18080300608606     
   21.0000000000000        10.0000000000000       -1.12148181507972     
   21.0000000000000        11.0000000000000       -1.06731748692118     
   21.0000000000000        12.0000000000000       -1.01841434426887     
   21.0000000000000        13.0000000000000      -0.974774879411728     
   21.0000000000000        14.0000000000000      -0.936425074560639     
   21.0000000000000        15.0000000000000      -0.903240473410828     
   21.0000000000000        16.0000000000000      -0.874703777353479     
   21.0000000000000        17.0000000000000      -0.850330964227419     
   21.0000000000000        18.0000000000000      -0.829636594730118     
   21.0000000000000        19.0000000000000      -0.812228285101681     
   21.0000000000000        20.0000000000000      -0.797748545588510     
   21.0000000000000        21.0000000000000      -0.785824294366844     
   21.0000000000000        22.0000000000000      -0.775979276068747     
   21.0000000000000        23.0000000000000      -0.767483082495055     
   21.0000000000000        24.0000000000000      -0.759180767012751     
   21.0000000000000        25.0000000000000      -0.749603682829756     
   22.0000000000000        1.00000000000000       -1.59992332753321     
   22.0000000000000        2.00000000000000       -1.58852499461568     
   22.0000000000000        3.00000000000000       -1.54556494086409     
   22.0000000000000        4.00000000000000       -1.48822698896656     
   22.0000000000000        5.00000000000000       -1.42215055484934     
   22.0000000000000        6.00000000000000       -1.34923104097372     
   22.0000000000000        7.00000000000000       -1.27519193745483     
   22.0000000000000        8.00000000000000       -1.20479089630823     
   22.0000000000000        9.00000000000000       -1.14015406560713     
   22.0000000000000        10.0000000000000       -1.08174264796506     
   22.0000000000000        11.0000000000000       -1.02942136578824     
   22.0000000000000        12.0000000000000      -0.982926994180653     
   22.0000000000000        13.0000000000000      -0.942073762522646     
   22.0000000000000        14.0000000000000      -0.906823536983511     
   22.0000000000000        15.0000000000000      -0.876782884065214     
   22.0000000000000        16.0000000000000      -0.851329428381419     
   22.0000000000000        17.0000000000000      -0.829911425026015     
   22.0000000000000        18.0000000000000      -0.812185486111968     
   22.0000000000000        19.0000000000000      -0.797855222621827     
   22.0000000000000        20.0000000000000      -0.786682039581848     
   22.0000000000000        21.0000000000000      -0.778397036046519     
   22.0000000000000        22.0000000000000      -0.772578540226446     
   22.0000000000000        23.0000000000000      -0.768225317756138     
   22.0000000000000        24.0000000000000      -0.763360780533920     
   22.0000000000000        25.0000000000000      -0.755490786124912     
   23.0000000000000        1.00000000000000       -1.59740438149078     
   23.0000000000000        2.00000000000000       -1.57178931750711     
   23.0000000000000        3.00000000000000       -1.52317470587064     
   23.0000000000000        4.00000000000000       -1.46408815312514     
   23.0000000000000        5.00000000000000       -1.39005475584728     
   23.0000000000000        6.00000000000000       -1.30932779847869     
   23.0000000000000        7.00000000000000       -1.23133915440265     
   23.0000000000000        8.00000000000000       -1.16029235019396     
   23.0000000000000        9.00000000000000       -1.09692840076656     
   23.0000000000000        10.0000000000000       -1.04078693052973     
   23.0000000000000        11.0000000000000      -0.991228958811714     
   23.0000000000000        12.0000000000000      -0.947767458377479     
   23.0000000000000        13.0000000000000      -0.910154308300154     
   23.0000000000000        14.0000000000000      -0.878279632712458     
   23.0000000000000        15.0000000000000      -0.851480179683724     
   23.0000000000000        16.0000000000000      -0.829044454707861     
   23.0000000000000        17.0000000000000      -0.810601903241007     
   23.0000000000000        18.0000000000000      -0.795867478530429     
   23.0000000000000        19.0000000000000      -0.784710863288123     
   23.0000000000000        20.0000000000000      -0.777036728837642     
   23.0000000000000        21.0000000000000      -0.772754370970756     
   23.0000000000000        22.0000000000000      -0.771406104002914     
   23.0000000000000        23.0000000000000      -0.771356301686755     
   23.0000000000000        24.0000000000000      -0.768816215310814     
   23.0000000000000        25.0000000000000      -0.759997290808255     
   24.0000000000000        1.00000000000000       -1.56660495261626     
   24.0000000000000        2.00000000000000       -1.53511802964862     
   24.0000000000000        3.00000000000000       -1.49263223259218     
   24.0000000000000        4.00000000000000       -1.42770279170726     
   24.0000000000000        5.00000000000000       -1.34423201354509     
   24.0000000000000        6.00000000000000       -1.25902982258522     
   24.0000000000000        7.00000000000000       -1.18101322358937     
   24.0000000000000        8.00000000000000       -1.11216886412254     
   24.0000000000000        9.00000000000000       -1.05189042274487     
   24.0000000000000        10.0000000000000      -0.999124802892167     
   24.0000000000000        11.0000000000000      -0.953012580645173     
   24.0000000000000        12.0000000000000      -0.913028520672092     
   24.0000000000000        13.0000000000000      -0.878966781646330     
   24.0000000000000        14.0000000000000      -0.850579222701312     
   24.0000000000000        15.0000000000000      -0.826908242690385     
   24.0000000000000        16.0000000000000      -0.807447471887796     
   24.0000000000000        17.0000000000000      -0.791902113618088     
   24.0000000000000        18.0000000000000      -0.780146617784895     
   24.0000000000000        19.0000000000000      -0.772149250239437     
   24.0000000000000        20.0000000000000      -0.767997621742437     
   24.0000000000000        21.0000000000000      -0.767698231183238     
   24.0000000000000        22.0000000000000      -0.770522664471472     
   24.0000000000000        23.0000000000000      -0.773384318886438     
   24.0000000000000        24.0000000000000      -0.769943841402692     
   24.0000000000000        25.0000000000000      -0.757562379476020     
   25.0000000000000        1.00000000000000       -1.52302922945665     
   25.0000000000000        2.00000000000000       -1.49672040200495     
   25.0000000000000        3.00000000000000       -1.45038327498945     
   25.0000000000000        4.00000000000000       -1.37304701469633     
   25.0000000000000        5.00000000000000       -1.28428200148018     
   25.0000000000000        6.00000000000000       -1.20030106920647     
   25.0000000000000        7.00000000000000       -1.12616137048399     
   25.0000000000000        8.00000000000000       -1.06179214345254     
   25.0000000000000        9.00000000000000       -1.00587540135398     
   25.0000000000000        10.0000000000000      -0.957206355920386     
   25.0000000000000        11.0000000000000      -0.914970195565874     
   25.0000000000000        12.0000000000000      -0.878743163349311     
   25.0000000000000        13.0000000000000      -0.848440860062005     
   25.0000000000000        14.0000000000000      -0.823383099895215     
   25.0000000000000        15.0000000000000      -0.802721003358468     
   25.0000000000000        16.0000000000000      -0.786100886142990     
   25.0000000000000        17.0000000000000      -0.773347846200116     
   25.0000000000000        18.0000000000000      -0.764375536017641     
   25.0000000000000        19.0000000000000      -0.759265121413208     
   25.0000000000000        20.0000000000000      -0.758180458616847     
   25.0000000000000        21.0000000000000      -0.760970129396125     
   25.0000000000000        22.0000000000000      -0.765992055129973     
   25.0000000000000        23.0000000000000      -0.768159641560211     
   25.0000000000000        24.0000000000000      -0.761032772346820     
   25.0000000000000        25.0000000000000      -0.748017023735586     
