   1.00000000000000        1.00000000000000       -1.97486116381046     
   1.00000000000000        2.00000000000000       -1.97792912447321     
   1.00000000000000        3.00000000000000       -1.94705215088767     
   1.00000000000000        4.00000000000000       -1.88183638806446     
   1.00000000000000        5.00000000000000       -1.80225580718348     
   1.00000000000000        6.00000000000000       -1.72548516708180     
   1.00000000000000        7.00000000000000       -1.65610736709274     
   1.00000000000000        8.00000000000000       -1.59332924685691     
   1.00000000000000        9.00000000000000       -1.53553416179065     
   1.00000000000000        10.0000000000000       -1.48174283723339     
   1.00000000000000        11.0000000000000       -1.43189139678131     
   1.00000000000000        12.0000000000000       -1.38630406373868     
   1.00000000000000        13.0000000000000       -1.34610704805209     
   1.00000000000000        14.0000000000000       -1.31346221772930     
   1.00000000000000        15.0000000000000       -1.28725578970304     
   1.00000000000000        16.0000000000000       -1.26705513567855     
   1.00000000000000        17.0000000000000       -1.25283843111489     
   1.00000000000000        18.0000000000000       -1.24477516958551     
   1.00000000000000        19.0000000000000       -1.24336228598474     
   1.00000000000000        20.0000000000000       -1.24921581052158     
   1.00000000000000        21.0000000000000       -1.26225307208400     
   1.00000000000000        22.0000000000000       -1.27943067818883     
   1.00000000000000        23.0000000000000       -1.29097776912244     
   1.00000000000000        24.0000000000000       -1.28387602054971     
   1.00000000000000        25.0000000000000       -1.26217054361406     
   2.00000000000000        1.00000000000000       -2.02235000184345     
   2.00000000000000        2.00000000000000       -2.00543504209162     
   2.00000000000000        3.00000000000000       -1.95774226607138     
   2.00000000000000        4.00000000000000       -1.89054917486429     
   2.00000000000000        5.00000000000000       -1.81765152823308     
   2.00000000000000        6.00000000000000       -1.74755059016217     
   2.00000000000000        7.00000000000000       -1.68204922965482     
   2.00000000000000        8.00000000000000       -1.62063315191667     
   2.00000000000000        9.00000000000000       -1.56261733822306     
   2.00000000000000        10.0000000000000       -1.50791348317723     
   2.00000000000000        11.0000000000000       -1.45671094581857     
   2.00000000000000        12.0000000000000       -1.41012176378852     
   2.00000000000000        13.0000000000000       -1.37021749783898     
   2.00000000000000        14.0000000000000       -1.33772040353078     
   2.00000000000000        15.0000000000000       -1.31154056248568     
   2.00000000000000        16.0000000000000       -1.29136974767684     
   2.00000000000000        17.0000000000000       -1.27735344934408     
   2.00000000000000        18.0000000000000       -1.26980227876477     
   2.00000000000000        19.0000000000000       -1.26923617427300     
   2.00000000000000        20.0000000000000       -1.27601217844181     
   2.00000000000000        21.0000000000000       -1.28894766444846     
   2.00000000000000        22.0000000000000       -1.30225862577952     
   2.00000000000000        23.0000000000000       -1.30350329805117     
   2.00000000000000        24.0000000000000       -1.28558743557725     
   2.00000000000000        25.0000000000000       -1.25661888429789     
   3.00000000000000        1.00000000000000       -2.01414979885804     
   3.00000000000000        2.00000000000000       -1.99566433251394     
   3.00000000000000        3.00000000000000       -1.95155398143627     
   3.00000000000000        4.00000000000000       -1.89302785631528     
   3.00000000000000        5.00000000000000       -1.82957262853663     
   3.00000000000000        6.00000000000000       -1.76602781336497     
   3.00000000000000        7.00000000000000       -1.70394483874727     
   3.00000000000000        8.00000000000000       -1.64359876144499     
   3.00000000000000        9.00000000000000       -1.58536751600377     
   3.00000000000000        10.0000000000000       -1.52947359254695     
   3.00000000000000        11.0000000000000       -1.47712714401100     
   3.00000000000000        12.0000000000000       -1.42996007647036     
   3.00000000000000        13.0000000000000       -1.39066741254821     
   3.00000000000000        14.0000000000000       -1.35809494681967     
   3.00000000000000        15.0000000000000       -1.33161385059822     
   3.00000000000000        16.0000000000000       -1.31101478613149     
   3.00000000000000        17.0000000000000       -1.29653248057871     
   3.00000000000000        18.0000000000000       -1.28840360588448     
   3.00000000000000        19.0000000000000       -1.28686262963456     
   3.00000000000000        20.0000000000000       -1.29141362582317     
   3.00000000000000        21.0000000000000       -1.29913576036242     
   3.00000000000000        22.0000000000000       -1.30271459213091     
   3.00000000000000        23.0000000000000       -1.29325631151154     
   3.00000000000000        24.0000000000000       -1.27040051569361     
   3.00000000000000        25.0000000000000       -1.23416894120872     
   4.00000000000000        1.00000000000000       -1.99554157488568     
   4.00000000000000        2.00000000000000       -1.98175082967321     
   4.00000000000000        3.00000000000000       -1.94586581162264     
   4.00000000000000        4.00000000000000       -1.89671317043666     
   4.00000000000000        5.00000000000000       -1.84090661629766     
   4.00000000000000        6.00000000000000       -1.78225603936554     
   4.00000000000000        7.00000000000000       -1.72240261839885     
   4.00000000000000        8.00000000000000       -1.66253065045519     
   4.00000000000000        9.00000000000000       -1.60351631126646     
   4.00000000000000        10.0000000000000       -1.54661471533818     
   4.00000000000000        11.0000000000000       -1.49307649422079     
   4.00000000000000        12.0000000000000       -1.44646726427015     
   4.00000000000000        13.0000000000000       -1.40737789188365     
   4.00000000000000        14.0000000000000       -1.37430311250966     
   4.00000000000000        15.0000000000000       -1.34698725974661     
   4.00000000000000        16.0000000000000       -1.32531550110226     
   4.00000000000000        17.0000000000000       -1.30935882505417     
   4.00000000000000        18.0000000000000       -1.29907957898897     
   4.00000000000000        19.0000000000000       -1.29409854751346     
   4.00000000000000        20.0000000000000       -1.29276693310302     
   4.00000000000000        21.0000000000000       -1.29117920001936     
   4.00000000000000        22.0000000000000       -1.28346699537913     
   4.00000000000000        23.0000000000000       -1.26542217074845     
   4.00000000000000        24.0000000000000       -1.23500371723309     
   4.00000000000000        25.0000000000000       -1.18866829434203     
   5.00000000000000        1.00000000000000       -1.98368025293429     
   5.00000000000000        2.00000000000000       -1.97397071104911     
   5.00000000000000        3.00000000000000       -1.94469376909405     
   5.00000000000000        4.00000000000000       -1.90222455177819     
   5.00000000000000        5.00000000000000       -1.85153115902782     
   5.00000000000000        6.00000000000000       -1.79584560637009     
   5.00000000000000        7.00000000000000       -1.73727156789470     
   5.00000000000000        8.00000000000000       -1.67728755303578     
   5.00000000000000        9.00000000000000       -1.61721425523125     
   5.00000000000000        10.0000000000000       -1.55890351691523     
   5.00000000000000        11.0000000000000       -1.50538867212126     
   5.00000000000000        12.0000000000000       -1.45958927766854     
   5.00000000000000        13.0000000000000       -1.42009915813956     
   5.00000000000000        14.0000000000000       -1.38608228641237     
   5.00000000000000        15.0000000000000       -1.35726764604020     
   5.00000000000000        16.0000000000000       -1.33363890410989     
   5.00000000000000        17.0000000000000       -1.31502566156011     
   5.00000000000000        18.0000000000000       -1.30096669463056     
   5.00000000000000        19.0000000000000       -1.29034585663184     
   5.00000000000000        20.0000000000000       -1.28088518045386     
   5.00000000000000        21.0000000000000       -1.26906641916931     
   5.00000000000000        22.0000000000000       -1.25110948365638     
   5.00000000000000        23.0000000000000       -1.22408196675167     
   5.00000000000000        24.0000000000000       -1.18533342791987     
   5.00000000000000        25.0000000000000       -1.13424406060074     
   6.00000000000000        1.00000000000000       -1.97819142056252     
   6.00000000000000        2.00000000000000       -1.97127007683891     
   6.00000000000000        3.00000000000000       -1.94624893572786     
   6.00000000000000        4.00000000000000       -1.90813675391573     
   6.00000000000000        5.00000000000000       -1.86043173938107     
   6.00000000000000        6.00000000000000       -1.80631792008836     
   6.00000000000000        7.00000000000000       -1.74819725427970     
   6.00000000000000        8.00000000000000       -1.68738968511901     
   6.00000000000000        9.00000000000000       -1.62588658148561     
   6.00000000000000        10.0000000000000       -1.56691216039215     
   6.00000000000000        11.0000000000000       -1.51479212548125     
   6.00000000000000        12.0000000000000       -1.46910405888431     
   6.00000000000000        13.0000000000000       -1.42868382072829     
   6.00000000000000        14.0000000000000       -1.39304239056930     
   6.00000000000000        15.0000000000000       -1.36206914324091     
   6.00000000000000        16.0000000000000       -1.33567389153928     
   6.00000000000000        17.0000000000000       -1.31338044012923     
   6.00000000000000        18.0000000000000       -1.29429646108294     
   6.00000000000000        19.0000000000000       -1.27695926679138     
   6.00000000000000        20.0000000000000       -1.25911631178465     
   6.00000000000000        21.0000000000000       -1.23809084742188     
   6.00000000000000        22.0000000000000       -1.21138163979695     
   6.00000000000000        23.0000000000000       -1.17683632680879     
   6.00000000000000        24.0000000000000       -1.13336188772729     
   6.00000000000000        25.0000000000000       -1.08220598855864     
   7.00000000000000        1.00000000000000       -1.97617537851289     
   7.00000000000000        2.00000000000000       -1.97074740811626     
   7.00000000000000        3.00000000000000       -1.94833393382827     
   7.00000000000000        4.00000000000000       -1.91260147501600     
   7.00000000000000        5.00000000000000       -1.86664311576595     
   7.00000000000000        6.00000000000000       -1.81323547382484     
   7.00000000000000        7.00000000000000       -1.75418389741746     
   7.00000000000000        8.00000000000000       -1.69184468958836     
   7.00000000000000        9.00000000000000       -1.62960022962697     
   7.00000000000000        10.0000000000000       -1.57276078009280     
   7.00000000000000        11.0000000000000       -1.52123609694580     
   7.00000000000000        12.0000000000000       -1.47482876896798     
   7.00000000000000        13.0000000000000       -1.43283580980158     
   7.00000000000000        14.0000000000000       -1.39504038277561     
   7.00000000000000        15.0000000000000       -1.36134146052327     
   7.00000000000000        16.0000000000000       -1.33149479892018     
   7.00000000000000        17.0000000000000       -1.30482174833303     
   7.00000000000000        18.0000000000000       -1.28025829808842     
   7.00000000000000        19.0000000000000       -1.25626622239017     
   7.00000000000000        20.0000000000000       -1.23098132028640     
   7.00000000000000        21.0000000000000       -1.20253462325183     
   7.00000000000000        22.0000000000000       -1.16928015756691     
   7.00000000000000        23.0000000000000       -1.13014476125004     
   7.00000000000000        24.0000000000000       -1.08523682574494     
   7.00000000000000        25.0000000000000       -1.03602062970796     
   8.00000000000000        1.00000000000000       -1.97523764159401     
   8.00000000000000        2.00000000000000       -1.97032031275181     
   8.00000000000000        3.00000000000000       -1.94919620501422     
   8.00000000000000        4.00000000000000       -1.91463608259814     
   8.00000000000000        5.00000000000000       -1.86922166195907     
   8.00000000000000        6.00000000000000       -1.81528104755605     
   8.00000000000000        7.00000000000000       -1.75466373757714     
   8.00000000000000        8.00000000000000       -1.69160030083977     
   8.00000000000000        9.00000000000000       -1.63221703000354     
   8.00000000000000        10.0000000000000       -1.57657564292109     
   8.00000000000000        11.0000000000000       -1.52460918163379     
   8.00000000000000        12.0000000000000       -1.47670837852551     
   8.00000000000000        13.0000000000000       -1.43257570208288     
   8.00000000000000        14.0000000000000       -1.39209713363557     
   8.00000000000000        15.0000000000000       -1.35521822014029     
   8.00000000000000        16.0000000000000       -1.32154758496226     
   8.00000000000000        17.0000000000000       -1.29032007354387     
   8.00000000000000        18.0000000000000       -1.26044534702142     
   8.00000000000000        19.0000000000000       -1.23054391066127     
   8.00000000000000        20.0000000000000       -1.19928489992222     
   8.00000000000000        21.0000000000000       -1.16541304185822     
   8.00000000000000        22.0000000000000       -1.12802437468322     
   8.00000000000000        23.0000000000000       -1.08682774181240     
   8.00000000000000        24.0000000000000       -1.04232378249841     
   8.00000000000000        25.0000000000000      -0.995643131576002     
   9.00000000000000        1.00000000000000       -1.97355838194915     
   9.00000000000000        2.00000000000000       -1.96856484455271     
   9.00000000000000        3.00000000000000       -1.94825722242216     
   9.00000000000000        4.00000000000000       -1.91328071005744     
   9.00000000000000        5.00000000000000       -1.86723206719150     
   9.00000000000000        6.00000000000000       -1.81197618566835     
   9.00000000000000        7.00000000000000       -1.75099045413083     
   9.00000000000000        8.00000000000000       -1.69179904533187     
   9.00000000000000        9.00000000000000       -1.63421749150922     
   9.00000000000000        10.0000000000000       -1.57832174619610     
   9.00000000000000        11.0000000000000       -1.52485848463026     
   9.00000000000000        12.0000000000000       -1.47474813147529     
   9.00000000000000        13.0000000000000       -1.42790682359254     
   9.00000000000000        14.0000000000000       -1.38441471631359     
   9.00000000000000        15.0000000000000       -1.34417749625964     
   9.00000000000000        16.0000000000000       -1.30657890051907     
   9.00000000000000        17.0000000000000       -1.27099040344118     
   9.00000000000000        18.0000000000000       -1.23633588896103     
   9.00000000000000        19.0000000000000       -1.20165514539127     
   9.00000000000000        20.0000000000000       -1.16598717312391     
   9.00000000000000        21.0000000000000       -1.12856602021510     
   9.00000000000000        22.0000000000000       -1.08904253310197     
   9.00000000000000        23.0000000000000       -1.04743685248266     
   9.00000000000000        24.0000000000000       -1.00425750000140     
   9.00000000000000        25.0000000000000      -0.960230157483732     
   10.0000000000000        1.00000000000000       -1.96994295307443     
   10.0000000000000        2.00000000000000       -1.96512017579830     
   10.0000000000000        3.00000000000000       -1.94373177039660     
   10.0000000000000        4.00000000000000       -1.90862459978728     
   10.0000000000000        5.00000000000000       -1.86108676852238     
   10.0000000000000        6.00000000000000       -1.80624140740781     
   10.0000000000000        7.00000000000000       -1.75045719508928     
   10.0000000000000        8.00000000000000       -1.69344107963885     
   10.0000000000000        9.00000000000000       -1.63559468964796     
   10.0000000000000        10.0000000000000       -1.57799938226755     
   10.0000000000000        11.0000000000000       -1.52204209711666     
   10.0000000000000        12.0000000000000       -1.46901713452071     
   10.0000000000000        13.0000000000000       -1.41916875499613     
   10.0000000000000        14.0000000000000       -1.37244877368688     
   10.0000000000000        15.0000000000000       -1.32871309736528     
   10.0000000000000        16.0000000000000       -1.28738242452935     
   10.0000000000000        17.0000000000000       -1.24782877805855     
   10.0000000000000        18.0000000000000       -1.20926666948893     
   10.0000000000000        19.0000000000000       -1.17096691842695     
   10.0000000000000        20.0000000000000       -1.13231356805648     
   10.0000000000000        21.0000000000000       -1.09293981726660     
   10.0000000000000        22.0000000000000       -1.05272156267806     
   10.0000000000000        23.0000000000000       -1.01177903546047     
   10.0000000000000        24.0000000000000      -0.970443449354621     
   10.0000000000000        25.0000000000000      -0.929091202285956     
   11.0000000000000        1.00000000000000       -1.96470236714372     
   11.0000000000000        2.00000000000000       -1.95860127384644     
   11.0000000000000        3.00000000000000       -1.93670778332822     
   11.0000000000000        4.00000000000000       -1.90064071240622     
   11.0000000000000        5.00000000000000       -1.85660803475379     
   11.0000000000000        6.00000000000000       -1.80782678871405     
   11.0000000000000        7.00000000000000       -1.75420822432819     
   11.0000000000000        8.00000000000000       -1.69652968086579     
   11.0000000000000        9.00000000000000       -1.63635506352995     
   11.0000000000000        10.0000000000000       -1.57564241381971     
   11.0000000000000        11.0000000000000       -1.51628012300340     
   11.0000000000000        12.0000000000000       -1.45973656626718     
   11.0000000000000        13.0000000000000       -1.40656931489490     
   11.0000000000000        14.0000000000000       -1.35656455893991     
   11.0000000000000        15.0000000000000       -1.30944472220045     
   11.0000000000000        16.0000000000000       -1.26472617573161     
   11.0000000000000        17.0000000000000       -1.22185536787801     
   11.0000000000000        18.0000000000000       -1.18023703935842     
   11.0000000000000        19.0000000000000       -1.13943830832351     
   11.0000000000000        20.0000000000000       -1.09908195477760     
   11.0000000000000        21.0000000000000       -1.05901175096433     
   11.0000000000000        22.0000000000000       -1.01916130422767     
   11.0000000000000        23.0000000000000      -0.979621982008212     
   11.0000000000000        24.0000000000000      -0.940482126034229     
   11.0000000000000        25.0000000000000      -0.901878896334480     
   12.0000000000000        1.00000000000000       -1.95731464487676     
   12.0000000000000        2.00000000000000       -1.95107429328776     
   12.0000000000000        3.00000000000000       -1.93099173411100     
   12.0000000000000        4.00000000000000       -1.90220673435171     
   12.0000000000000        5.00000000000000       -1.86422833535448     
   12.0000000000000        6.00000000000000       -1.81662866976985     
   12.0000000000000        7.00000000000000       -1.76101612816915     
   12.0000000000000        8.00000000000000       -1.69998598140022     
   12.0000000000000        9.00000000000000       -1.63595175622572     
   12.0000000000000        10.0000000000000       -1.57111314468162     
   12.0000000000000        11.0000000000000       -1.50763371848665     
   12.0000000000000        12.0000000000000       -1.44717470114082     
   12.0000000000000        13.0000000000000       -1.39045444801160     
   12.0000000000000        14.0000000000000       -1.33717882760691     
   12.0000000000000        15.0000000000000       -1.28688607892575     
   12.0000000000000        16.0000000000000       -1.23921784944039     
   12.0000000000000        17.0000000000000       -1.19371584071090     
   12.0000000000000        18.0000000000000       -1.15002756687488     
   12.0000000000000        19.0000000000000       -1.10780024439822     
   12.0000000000000        20.0000000000000       -1.06685772990121     
   12.0000000000000        21.0000000000000       -1.02708752480745     
   12.0000000000000        22.0000000000000      -0.988409180165013     
   12.0000000000000        23.0000000000000      -0.950809591949639     
   12.0000000000000        24.0000000000000      -0.914199131766706     
   12.0000000000000        25.0000000000000      -0.878504076444524     
   13.0000000000000        1.00000000000000       -1.95115561459712     
   13.0000000000000        2.00000000000000       -1.95259929793693     
   13.0000000000000        3.00000000000000       -1.93964634705358     
   13.0000000000000        4.00000000000000       -1.91298379065359     
   13.0000000000000        5.00000000000000       -1.87321166136009     
   13.0000000000000        6.00000000000000       -1.82282169756207     
   13.0000000000000        7.00000000000000       -1.76347729222432     
   13.0000000000000        8.00000000000000       -1.69856008477484     
   13.0000000000000        9.00000000000000       -1.63048357932319     
   13.0000000000000        10.0000000000000       -1.56218712057238     
   13.0000000000000        11.0000000000000       -1.49536203540595     
   13.0000000000000        12.0000000000000       -1.43143499668093     
   13.0000000000000        13.0000000000000       -1.37102795912580     
   13.0000000000000        14.0000000000000       -1.31456542461908     
   13.0000000000000        15.0000000000000       -1.26151173141142     
   13.0000000000000        16.0000000000000       -1.21149395284819     
   13.0000000000000        17.0000000000000       -1.16415760347426     
   13.0000000000000        18.0000000000000       -1.11927347380716     
   13.0000000000000        19.0000000000000       -1.07660658733621     
   13.0000000000000        20.0000000000000       -1.03604716610949     
   13.0000000000000        21.0000000000000      -0.997434365800288     
   13.0000000000000        22.0000000000000      -0.960645254093267     
   13.0000000000000        23.0000000000000      -0.925483832827185     
   13.0000000000000        24.0000000000000      -0.891741737445264     
   13.0000000000000        25.0000000000000      -0.859198228908698     
   14.0000000000000        1.00000000000000       -1.96014620283516     
   14.0000000000000        2.00000000000000       -1.96279991295697     
   14.0000000000000        3.00000000000000       -1.94931819504725     
   14.0000000000000        4.00000000000000       -1.92033289403418     
   14.0000000000000        5.00000000000000       -1.87788602277568     
   14.0000000000000        6.00000000000000       -1.82344601724946     
   14.0000000000000        7.00000000000000       -1.76020273313151     
   14.0000000000000        8.00000000000000       -1.69133332269619     
   14.0000000000000        9.00000000000000       -1.61979564107554     
   14.0000000000000        10.0000000000000       -1.54837482991840     
   14.0000000000000        11.0000000000000       -1.47869391578466     
   14.0000000000000        12.0000000000000       -1.41194631555022     
   14.0000000000000        13.0000000000000       -1.34863385897229     
   14.0000000000000        14.0000000000000       -1.28915346550338     
   14.0000000000000        15.0000000000000       -1.23374461665932     
   14.0000000000000        16.0000000000000       -1.18205554251433     
   14.0000000000000        17.0000000000000       -1.13373544546619     
   14.0000000000000        18.0000000000000       -1.08858146076681     
   14.0000000000000        19.0000000000000       -1.04643651212035     
   14.0000000000000        20.0000000000000       -1.00712900541818     
   14.0000000000000        21.0000000000000      -0.970452769547267     
   14.0000000000000        22.0000000000000      -0.936155550454303     
   14.0000000000000        23.0000000000000      -0.903969652806175     
   14.0000000000000        24.0000000000000      -0.873548859024761     
   14.0000000000000        25.0000000000000      -0.844262965405282     
   15.0000000000000        1.00000000000000       -1.96985528029659     
   15.0000000000000        2.00000000000000       -1.97167489642932     
   15.0000000000000        3.00000000000000       -1.95626345223461     
   15.0000000000000        4.00000000000000       -1.92413023681613     
   15.0000000000000        5.00000000000000       -1.87759087969128     
   15.0000000000000        6.00000000000000       -1.81891236906326     
   15.0000000000000        7.00000000000000       -1.75170257948335     
   15.0000000000000        8.00000000000000       -1.67913742079222     
   15.0000000000000        9.00000000000000       -1.60452478504094     
   15.0000000000000        10.0000000000000       -1.53012929315544     
   15.0000000000000        11.0000000000000       -1.45779042491994     
   15.0000000000000        12.0000000000000       -1.38854609808907     
   15.0000000000000        13.0000000000000       -1.32298905018392     
   15.0000000000000        14.0000000000000       -1.26139712195451     
   15.0000000000000        15.0000000000000       -1.20425825330127     
   15.0000000000000        16.0000000000000       -1.15160545801987     
   15.0000000000000        17.0000000000000       -1.10315989984372     
   15.0000000000000        18.0000000000000       -1.05868144519579     
   15.0000000000000        19.0000000000000       -1.01794742944446     
   15.0000000000000        20.0000000000000      -0.980714540346654     
   15.0000000000000        21.0000000000000      -0.946688986056012     
   15.0000000000000        22.0000000000000      -0.915516908931453     
   15.0000000000000        23.0000000000000      -0.886636438529707     
   15.0000000000000        24.0000000000000      -0.859261015987412     
   15.0000000000000        25.0000000000000      -0.832810710344744     
   16.0000000000000        1.00000000000000       -1.97755448008892     
   16.0000000000000        2.00000000000000       -1.97752878720368     
   16.0000000000000        3.00000000000000       -1.95945141323131     
   16.0000000000000        4.00000000000000       -1.92414573517364     
   16.0000000000000        5.00000000000000       -1.87336382336159     
   16.0000000000000        6.00000000000000       -1.81037656138825     
   16.0000000000000        7.00000000000000       -1.73890004009906     
   16.0000000000000        8.00000000000000       -1.66256179547307     
   16.0000000000000        9.00000000000000       -1.58462173819821     
   16.0000000000000        10.0000000000000       -1.50744793541980     
   16.0000000000000        11.0000000000000       -1.43271207246158     
   16.0000000000000        12.0000000000000       -1.36138127967173     
   16.0000000000000        13.0000000000000       -1.29415551857890     
   16.0000000000000        14.0000000000000       -1.23137382444525     
   16.0000000000000        15.0000000000000       -1.17351154118871     
   16.0000000000000        16.0000000000000       -1.12092669251426     
   16.0000000000000        17.0000000000000       -1.07332182104223     
   16.0000000000000        18.0000000000000       -1.03040566818601     
   16.0000000000000        19.0000000000000      -0.991876159874402     
   16.0000000000000        20.0000000000000      -0.957390637044215     
   16.0000000000000        21.0000000000000      -0.926549347423860     
   16.0000000000000        22.0000000000000      -0.898594927328082     
   16.0000000000000        23.0000000000000      -0.872736210962433     
   16.0000000000000        24.0000000000000      -0.848303230328727     
   16.0000000000000        25.0000000000000      -0.824577915702115     
   17.0000000000000        1.00000000000000       -1.98333042046631     
   17.0000000000000        2.00000000000000       -1.98133652364123     
   17.0000000000000        3.00000000000000       -1.96040943604510     
   17.0000000000000        4.00000000000000       -1.92121416271509     
   17.0000000000000        5.00000000000000       -1.86583510481244     
   17.0000000000000        6.00000000000000       -1.79819061966180     
   17.0000000000000        7.00000000000000       -1.72218254522779     
   17.0000000000000        8.00000000000000       -1.64188607876465     
   17.0000000000000        9.00000000000000       -1.56053653802014     
   17.0000000000000        10.0000000000000       -1.48045660801698     
   17.0000000000000        11.0000000000000       -1.40348311263429     
   17.0000000000000        12.0000000000000       -1.33050891921898     
   17.0000000000000        13.0000000000000       -1.26230111251983     
   17.0000000000000        14.0000000000000       -1.19925013969072     
   17.0000000000000        15.0000000000000       -1.14182764713100     
   17.0000000000000        16.0000000000000       -1.09038626439329     
   17.0000000000000        17.0000000000000       -1.04458813620534     
   17.0000000000000        18.0000000000000       -1.00406145642511     
   17.0000000000000        19.0000000000000      -0.968416075837060     
   17.0000000000000        20.0000000000000      -0.937196769116563     
   17.0000000000000        21.0000000000000      -0.909571752780452     
   17.0000000000000        22.0000000000000      -0.884751314114522     
   17.0000000000000        23.0000000000000      -0.862010797160902     
   17.0000000000000        24.0000000000000      -0.840519000411860     
   17.0000000000000        25.0000000000000      -0.819576450949617     
   18.0000000000000        1.00000000000000       -1.98707824200162     
   18.0000000000000        2.00000000000000       -1.98350055879754     
   18.0000000000000        3.00000000000000       -1.95959113175435     
   18.0000000000000        4.00000000000000       -1.91613405514903     
   18.0000000000000        5.00000000000000       -1.85588151748215     
   18.0000000000000        6.00000000000000       -1.78296911662656     
   18.0000000000000        7.00000000000000       -1.70196422551604     
   18.0000000000000        8.00000000000000       -1.61712606564390     
   18.0000000000000        9.00000000000000       -1.53190471549353     
   18.0000000000000        10.0000000000000       -1.44900463747981     
   18.0000000000000        11.0000000000000       -1.37009461021333     
   18.0000000000000        12.0000000000000       -1.29616946253475     
   18.0000000000000        13.0000000000000       -1.22781998344860     
   18.0000000000000        14.0000000000000       -1.16549924555074     
   18.0000000000000        15.0000000000000       -1.10966119901511     
   18.0000000000000        16.0000000000000       -1.06039556591113     
   18.0000000000000        17.0000000000000       -1.01727000418906     
   18.0000000000000        18.0000000000000      -0.979837490592750     
   18.0000000000000        19.0000000000000      -0.947598132869746     
   18.0000000000000        20.0000000000000      -0.919719280475027     
   18.0000000000000        21.0000000000000      -0.895397393863068     
   18.0000000000000        22.0000000000000      -0.873873209388678     
   18.0000000000000        23.0000000000000      -0.854356093366905     
   18.0000000000000        24.0000000000000      -0.836000634798440     
   18.0000000000000        25.0000000000000      -0.817891880417199     
   19.0000000000000        1.00000000000000       -1.98990627417018     
   19.0000000000000        2.00000000000000       -1.98518851754659     
   19.0000000000000        3.00000000000000       -1.95843746288973     
   19.0000000000000        4.00000000000000       -1.91053836303906     
   19.0000000000000        5.00000000000000       -1.84464603050871     
   19.0000000000000        6.00000000000000       -1.76546316402724     
   19.0000000000000        7.00000000000000       -1.67818859779823     
   19.0000000000000        8.00000000000000       -1.58782972977975     
   19.0000000000000        9.00000000000000       -1.49850812374899     
   19.0000000000000        10.0000000000000       -1.41296832790238     
   19.0000000000000        11.0000000000000       -1.33275450343666     
   19.0000000000000        12.0000000000000       -1.25869106843864     
   19.0000000000000        13.0000000000000       -1.19122101496478     
   19.0000000000000        14.0000000000000       -1.13073330263875     
   19.0000000000000        15.0000000000000       -1.07754583590490     
   19.0000000000000        16.0000000000000       -1.03135134026633     
   19.0000000000000        17.0000000000000      -0.991611602154617     
   19.0000000000000        18.0000000000000      -0.957800182520596     
   19.0000000000000        19.0000000000000      -0.929086795222862     
   19.0000000000000        20.0000000000000      -0.904696753616319     
   19.0000000000000        21.0000000000000      -0.883878011828844     
   19.0000000000000        22.0000000000000      -0.865887349365729     
   19.0000000000000        23.0000000000000      -0.849885410545096     
   19.0000000000000        24.0000000000000      -0.834914287072365     
   19.0000000000000        25.0000000000000      -0.819820235007339     
   20.0000000000000        1.00000000000000       -1.99356338108444     
   20.0000000000000        2.00000000000000       -1.98840091566693     
   20.0000000000000        3.00000000000000       -1.95898332675368     
   20.0000000000000        4.00000000000000       -1.90599497737988     
   20.0000000000000        5.00000000000000       -1.83296662713427     
   20.0000000000000        6.00000000000000       -1.74538902455151     
   20.0000000000000        7.00000000000000       -1.64996258372206     
   20.0000000000000        8.00000000000000       -1.55323522025644     
   20.0000000000000        9.00000000000000       -1.45985532519889     
   20.0000000000000        10.0000000000000       -1.37232738359441     
   20.0000000000000        11.0000000000000       -1.29178616921358     
   20.0000000000000        12.0000000000000       -1.21867245813179     
   20.0000000000000        13.0000000000000       -1.15319241157930     
   20.0000000000000        14.0000000000000       -1.09559510869025     
   20.0000000000000        15.0000000000000       -1.04598511209192     
   20.0000000000000        16.0000000000000       -1.00355486837510     
   20.0000000000000        17.0000000000000      -0.967721155101754     
   20.0000000000000        18.0000000000000      -0.937681288878900     
   20.0000000000000        19.0000000000000      -0.912655913790719     
   20.0000000000000        20.0000000000000      -0.891947372110921     
   20.0000000000000        21.0000000000000      -0.874906626388501     
   20.0000000000000        22.0000000000000      -0.860798902205725     
   20.0000000000000        23.0000000000000      -0.848729163937217     
   20.0000000000000        24.0000000000000      -0.837576740494652     
   20.0000000000000        25.0000000000000      -0.825756479769778     
   21.0000000000000        1.00000000000000       -2.00038158768550     
   21.0000000000000        2.00000000000000       -1.99581251107914     
   21.0000000000000        3.00000000000000       -1.96318719706676     
   21.0000000000000        4.00000000000000       -1.90309383493449     
   21.0000000000000        5.00000000000000       -1.81977157095929     
   21.0000000000000        6.00000000000000       -1.72054455533527     
   21.0000000000000        7.00000000000000       -1.61526386180488     
   21.0000000000000        8.00000000000000       -1.51210894197909     
   21.0000000000000        9.00000000000000       -1.41556936816286     
   21.0000000000000        10.0000000000000       -1.32733278846121     
   21.0000000000000        11.0000000000000       -1.24775998338066     
   21.0000000000000        12.0000000000000       -1.17680281609125     
   21.0000000000000        13.0000000000000       -1.11442450449920     
   21.0000000000000        14.0000000000000       -1.06070392677591     
   21.0000000000000        15.0000000000000       -1.01534098316572     
   21.0000000000000        16.0000000000000      -0.977155582261600     
   21.0000000000000        17.0000000000000      -0.945377300215180     
   21.0000000000000        18.0000000000000      -0.919224046353484     
   21.0000000000000        19.0000000000000      -0.898050374751775     
   21.0000000000000        20.0000000000000      -0.881280319144439     
   21.0000000000000        21.0000000000000      -0.868347805705735     
   21.0000000000000        22.0000000000000      -0.858593561531106     
   21.0000000000000        23.0000000000000      -0.851070823591316     
   21.0000000000000        24.0000000000000      -0.844237129558565     
   21.0000000000000        25.0000000000000      -0.835748018444326     
   22.0000000000000        1.00000000000000       -2.01344800384703     
   22.0000000000000        2.00000000000000       -2.00914259627439     
   22.0000000000000        3.00000000000000       -1.96907016454251     
   22.0000000000000        4.00000000000000       -1.89757226535199     
   22.0000000000000        5.00000000000000       -1.79982388423499     
   22.0000000000000        6.00000000000000       -1.68643967201734     
   22.0000000000000        7.00000000000000       -1.57140247566528     
   22.0000000000000        8.00000000000000       -1.46344208493947     
   22.0000000000000        9.00000000000000       -1.36569125454552     
   22.0000000000000        10.0000000000000       -1.27848588472863     
   22.0000000000000        11.0000000000000       -1.20134964861208     
   22.0000000000000        12.0000000000000       -1.13378575861973     
   22.0000000000000        13.0000000000000       -1.07551403549115     
   22.0000000000000        14.0000000000000       -1.02652920681810     
   22.0000000000000        15.0000000000000      -0.985776877399035     
   22.0000000000000        16.0000000000000      -0.951978066600788     
   22.0000000000000        17.0000000000000      -0.924288399145433     
   22.0000000000000        18.0000000000000      -0.902114791170717     
   22.0000000000000        19.0000000000000      -0.884945164871578     
   22.0000000000000        20.0000000000000      -0.872363164438662     
   22.0000000000000        21.0000000000000      -0.863944880639696     
   22.0000000000000        22.0000000000000      -0.859140117706931     
   22.0000000000000        23.0000000000000      -0.856758866213257     
   22.0000000000000        24.0000000000000      -0.854373592387637     
   22.0000000000000        25.0000000000000      -0.848154168134552     
   23.0000000000000        1.00000000000000       -2.03364291642348     
   23.0000000000000        2.00000000000000       -2.02034473270297     
   23.0000000000000        3.00000000000000       -1.96344319789430     
   23.0000000000000        4.00000000000000       -1.87928886584887     
   23.0000000000000        5.00000000000000       -1.76489394900998     
   23.0000000000000        6.00000000000000       -1.63814454680068     
   23.0000000000000        7.00000000000000       -1.51649472083953     
   23.0000000000000        8.00000000000000       -1.40703616363524     
   23.0000000000000        9.00000000000000       -1.31070608998350     
   23.0000000000000        10.0000000000000       -1.22650903397607     
   23.0000000000000        11.0000000000000       -1.15327794328663     
   23.0000000000000        12.0000000000000       -1.09023342445805     
   23.0000000000000        13.0000000000000       -1.03698028621432     
   23.0000000000000        14.0000000000000      -0.993224265817372     
   23.0000000000000        15.0000000000000      -0.957199737263466     
   23.0000000000000        16.0000000000000      -0.927700802314138     
   23.0000000000000        17.0000000000000      -0.904110020052365     
   23.0000000000000        18.0000000000000      -0.885923362424259     
   23.0000000000000        19.0000000000000      -0.872844507217341     
   23.0000000000000        20.0000000000000      -0.864636396475705     
   23.0000000000000        21.0000000000000      -0.861098041943968     
   23.0000000000000        22.0000000000000      -0.861645575265097     
   23.0000000000000        23.0000000000000      -0.864390877786206     
   23.0000000000000        24.0000000000000      -0.864848969929439     
   23.0000000000000        25.0000000000000      -0.857301386714526     
   24.0000000000000        1.00000000000000       -2.04356015109463     
   24.0000000000000        2.00000000000000       -1.99850035053462     
   24.0000000000000        3.00000000000000       -1.93650095260628     
   24.0000000000000        4.00000000000000       -1.83977884013626     
   24.0000000000000        5.00000000000000       -1.70850555342619     
   24.0000000000000        6.00000000000000       -1.57331706842389     
   24.0000000000000        7.00000000000000       -1.45054515186581     
   24.0000000000000        8.00000000000000       -1.34369457328656     
   24.0000000000000        9.00000000000000       -1.25157875170394     
   24.0000000000000        10.0000000000000       -1.17227724005586     
   24.0000000000000        11.0000000000000       -1.10427339259182     
   24.0000000000000        12.0000000000000       -1.04669620623046     
   24.0000000000000        13.0000000000000      -0.999142930714096     
   24.0000000000000        14.0000000000000      -0.960716200523285     
   24.0000000000000        15.0000000000000      -0.929247773861917     
   24.0000000000000        16.0000000000000      -0.903954512784139     
   24.0000000000000        17.0000000000000      -0.884327873172820     
   24.0000000000000        18.0000000000000      -0.870075579806790     
   24.0000000000000        19.0000000000000      -0.861030099210065     
   24.0000000000000        20.0000000000000      -0.857176627994048     
   24.0000000000000        21.0000000000000      -0.858418547580660     
   24.0000000000000        22.0000000000000      -0.863820622272982     
   24.0000000000000        23.0000000000000      -0.869696604900923     
   24.0000000000000        24.0000000000000      -0.868391840432164     
   24.0000000000000        25.0000000000000      -0.855246644485958     
   25.0000000000000        1.00000000000000       -1.99749262146613     
   25.0000000000000        2.00000000000000       -1.96072740315111     
   25.0000000000000        3.00000000000000       -1.89479204741311     
   25.0000000000000        4.00000000000000       -1.77247442158699     
   25.0000000000000        5.00000000000000       -1.62858754097469     
   25.0000000000000        6.00000000000000       -1.49315794680518     
   25.0000000000000        7.00000000000000       -1.37542484549862     
   25.0000000000000        8.00000000000000       -1.27509138934679     
   25.0000000000000        9.00000000000000       -1.18962093587541     
   25.0000000000000        10.0000000000000       -1.11676777109938     
   25.0000000000000        11.0000000000000       -1.05503279258562     
   25.0000000000000        12.0000000000000       -1.00363230623877     
   25.0000000000000        13.0000000000000      -0.962223069656084     
   25.0000000000000        14.0000000000000      -0.928715727820491     
   25.0000000000000        15.0000000000000      -0.901590798224693     
   25.0000000000000        16.0000000000000      -0.880277306569737     
   25.0000000000000        17.0000000000000      -0.864432946141462     
   25.0000000000000        18.0000000000000      -0.853827491375965     
   25.0000000000000        19.0000000000000      -0.848437807088091     
   25.0000000000000        20.0000000000000      -0.848345170400652     
   25.0000000000000        21.0000000000000      -0.853258897610275     
   25.0000000000000        22.0000000000000      -0.861124931702244     
   25.0000000000000        23.0000000000000      -0.865746729500101     
   25.0000000000000        24.0000000000000      -0.858836220239491     
   25.0000000000000        25.0000000000000      -0.843572558593321     
