   1.00000000000000        1.00000000000000       -1.26312632041575     
   1.00000000000000        2.00000000000000       -1.28684181015608     
   1.00000000000000        3.00000000000000       -1.29592965151372     
   1.00000000000000        4.00000000000000       -1.28577149836061     
   1.00000000000000        5.00000000000000       -1.26980610382598     
   1.00000000000000        6.00000000000000       -1.25823868184769     
   1.00000000000000        7.00000000000000       -1.25417289859280     
   1.00000000000000        8.00000000000000       -1.25762342178940     
   1.00000000000000        9.00000000000000       -1.26790780453426     
   1.00000000000000        10.0000000000000       -1.28447429414162     
   1.00000000000000        11.0000000000000       -1.30713896701018     
   1.00000000000000        12.0000000000000       -1.33586538844697     
   1.00000000000000        13.0000000000000       -1.37112093366959     
   1.00000000000000        14.0000000000000       -1.41388519088560     
   1.00000000000000        15.0000000000000       -1.46175557009983     
   1.00000000000000        16.0000000000000       -1.51366771081859     
   1.00000000000000        17.0000000000000       -1.56923114022543     
   1.00000000000000        18.0000000000000       -1.62851400677446     
   1.00000000000000        19.0000000000000       -1.69243804119213     
   1.00000000000000        20.0000000000000       -1.76253572120762     
   1.00000000000000        21.0000000000000       -1.83946015119803     
   1.00000000000000        22.0000000000000       -1.91853868674596     
   1.00000000000000        23.0000000000000       -1.98298872937815     
   1.00000000000000        24.0000000000000       -2.01405821198406     
   1.00000000000000        25.0000000000000       -2.01222947261931     
   2.00000000000000        1.00000000000000       -1.28676634894126     
   2.00000000000000        2.00000000000000       -1.30892305470991     
   2.00000000000000        3.00000000000000       -1.30932063413383     
   2.00000000000000        4.00000000000000       -1.29653707332819     
   2.00000000000000        5.00000000000000       -1.28439187798071     
   2.00000000000000        6.00000000000000       -1.27898998667011     
   2.00000000000000        7.00000000000000       -1.28138372627636     
   2.00000000000000        8.00000000000000       -1.29109756660382     
   2.00000000000000        9.00000000000000       -1.30748940471008     
   2.00000000000000        10.0000000000000       -1.33019201130354     
   2.00000000000000        11.0000000000000       -1.35898531659025     
   2.00000000000000        12.0000000000000       -1.39418402122956     
   2.00000000000000        13.0000000000000       -1.43685021721602     
   2.00000000000000        14.0000000000000       -1.48602185620180     
   2.00000000000000        15.0000000000000       -1.53953010781876     
   2.00000000000000        16.0000000000000       -1.59629598653081     
   2.00000000000000        17.0000000000000       -1.65600537009637     
   2.00000000000000        18.0000000000000       -1.71864984970826     
   2.00000000000000        19.0000000000000       -1.78465872482741     
   2.00000000000000        20.0000000000000       -1.85423127507191     
   2.00000000000000        21.0000000000000       -1.92504165437883     
   2.00000000000000        22.0000000000000       -1.98872079411512     
   2.00000000000000        23.0000000000000       -2.03439708490688     
   2.00000000000000        24.0000000000000       -2.05703472293775     
   2.00000000000000        25.0000000000000       -2.01406293147754     
   3.00000000000000        1.00000000000000       -1.29577066021123     
   3.00000000000000        2.00000000000000       -1.30926014069884     
   3.00000000000000        3.00000000000000       -1.30657769665081     
   3.00000000000000        4.00000000000000       -1.29919994003720     
   3.00000000000000        5.00000000000000       -1.29558677775445     
   3.00000000000000        6.00000000000000       -1.29869342726392     
   3.00000000000000        7.00000000000000       -1.30887213961875     
   3.00000000000000        8.00000000000000       -1.32572285745318     
   3.00000000000000        9.00000000000000       -1.34890404658913     
   3.00000000000000        10.0000000000000       -1.37809935177720     
   3.00000000000000        11.0000000000000       -1.41348335997866     
   3.00000000000000        12.0000000000000       -1.45566048665725     
   3.00000000000000        13.0000000000000       -1.50569205834210     
   3.00000000000000        14.0000000000000       -1.56067568766115     
   3.00000000000000        15.0000000000000       -1.61892354312931     
   3.00000000000000        16.0000000000000       -1.67916677290203     
   3.00000000000000        17.0000000000000       -1.74099096648360     
   3.00000000000000        18.0000000000000       -1.80373812557980     
   3.00000000000000        19.0000000000000       -1.86660427705349     
   3.00000000000000        20.0000000000000       -1.92735041905286     
   3.00000000000000        21.0000000000000       -1.98059813500929     
   3.00000000000000        22.0000000000000       -2.01914723334598     
   3.00000000000000        23.0000000000000       -2.04064410829459     
   3.00000000000000        24.0000000000000       -2.03440025495444     
   3.00000000000000        25.0000000000000       -1.98299659056838     
   4.00000000000000        1.00000000000000       -1.28559635218516     
   4.00000000000000        2.00000000000000       -1.29645062252506     
   4.00000000000000        3.00000000000000       -1.29916772646202     
   4.00000000000000        4.00000000000000       -1.30147237245723     
   4.00000000000000        5.00000000000000       -1.30790337414386     
   4.00000000000000        6.00000000000000       -1.32014768931193     
   4.00000000000000        7.00000000000000       -1.33846071194072     
   4.00000000000000        8.00000000000000       -1.36276168569511     
   4.00000000000000        9.00000000000000       -1.39289340668854     
   4.00000000000000        10.0000000000000       -1.42890474177312     
   4.00000000000000        11.0000000000000       -1.47100267447224     
   4.00000000000000        12.0000000000000       -1.52068772765720     
   4.00000000000000        13.0000000000000       -1.57718148557764     
   4.00000000000000        14.0000000000000       -1.63681150956819     
   4.00000000000000        15.0000000000000       -1.69822715830420     
   4.00000000000000        16.0000000000000       -1.75999079152176     
   4.00000000000000        17.0000000000000       -1.82095658852737     
   4.00000000000000        18.0000000000000       -1.87949872666163     
   4.00000000000000        19.0000000000000       -1.93333658036612     
   4.00000000000000        20.0000000000000       -1.97822607598625     
   4.00000000000000        21.0000000000000       -2.00886495458739     
   4.00000000000000        22.0000000000000       -2.02254600287279     
   4.00000000000000        23.0000000000000       -2.01914840218604     
   4.00000000000000        24.0000000000000       -1.98872617718792     
   4.00000000000000        25.0000000000000       -1.91854925502238     
   5.00000000000000        1.00000000000000       -1.26965006075957     
   5.00000000000000        2.00000000000000       -1.28430031744162     
   5.00000000000000        3.00000000000000       -1.29553726106001     
   5.00000000000000        4.00000000000000       -1.30788189652920     
   5.00000000000000        5.00000000000000       -1.32398637240091     
   5.00000000000000        6.00000000000000       -1.34501121077467     
   5.00000000000000        7.00000000000000       -1.37134973589207     
   5.00000000000000        8.00000000000000       -1.40306944102736     
   5.00000000000000        9.00000000000000       -1.44015329523373     
   5.00000000000000        10.0000000000000       -1.48280071245162     
   5.00000000000000        11.0000000000000       -1.53182998998125     
   5.00000000000000        12.0000000000000       -1.58861989883163     
   5.00000000000000        13.0000000000000       -1.65002470190197     
   5.00000000000000        14.0000000000000       -1.71293797478680     
   5.00000000000000        15.0000000000000       -1.77528292708600     
   5.00000000000000        16.0000000000000       -1.83565191219664     
   5.00000000000000        17.0000000000000       -1.89212717842095     
   5.00000000000000        18.0000000000000       -1.94218901063944     
   5.00000000000000        19.0000000000000       -1.98238487429948     
   5.00000000000000        20.0000000000000       -2.00850968464040     
   5.00000000000000        21.0000000000000       -2.01749686110759     
   5.00000000000000        22.0000000000000       -2.00886586675394     
   5.00000000000000        23.0000000000000       -1.98060145970782     
   5.00000000000000        24.0000000000000       -1.92504915737977     
   5.00000000000000        25.0000000000000       -1.83947095253857     
   6.00000000000000        1.00000000000000       -1.25810711340402     
   6.00000000000000        2.00000000000000       -1.27889992784005     
   6.00000000000000        3.00000000000000       -1.29863278916939     
   6.00000000000000        4.00000000000000       -1.32010935055318     
   6.00000000000000        5.00000000000000       -1.34499240854819     
   6.00000000000000        6.00000000000000       -1.37422651074891     
   6.00000000000000        7.00000000000000       -1.40824771443928     
   6.00000000000000        8.00000000000000       -1.44709132457869     
   6.00000000000000        9.00000000000000       -1.49082558788059     
   6.00000000000000        10.0000000000000       -1.53989403110192     
   6.00000000000000        11.0000000000000       -1.59544212996448     
   6.00000000000000        12.0000000000000       -1.65785693816006     
   6.00000000000000        13.0000000000000       -1.72261017063238     
   6.00000000000000        14.0000000000000       -1.78634724162051     
   6.00000000000000        15.0000000000000       -1.84694562734573     
   6.00000000000000        16.0000000000000       -1.90282045097138     
   6.00000000000000        17.0000000000000       -1.95126813308411     
   6.00000000000000        18.0000000000000       -1.98906785332073     
   6.00000000000000        19.0000000000000       -2.01305127890876     
   6.00000000000000        20.0000000000000       -2.02002277411724     
   6.00000000000000        21.0000000000000       -2.00851063473558     
   6.00000000000000        22.0000000000000       -1.97822869707530     
   6.00000000000000        23.0000000000000       -1.92735574629263     
   6.00000000000000        24.0000000000000       -1.85423923041284     
   6.00000000000000        25.0000000000000       -1.76254517134219     
   7.00000000000000        1.00000000000000       -1.25406008343561     
   7.00000000000000        2.00000000000000       -1.28129487348202     
   7.00000000000000        3.00000000000000       -1.30880213177410     
   7.00000000000000        4.00000000000000       -1.33840742422013     
   7.00000000000000        5.00000000000000       -1.37131335313070     
   7.00000000000000        6.00000000000000       -1.40822921011663     
   7.00000000000000        7.00000000000000       -1.44938444061684     
   7.00000000000000        8.00000000000000       -1.49485241378495     
   7.00000000000000        9.00000000000000       -1.54481058379406     
   7.00000000000000        10.0000000000000       -1.59992158585569     
   7.00000000000000        11.0000000000000       -1.66040724589341     
   7.00000000000000        12.0000000000000       -1.72630974440840     
   7.00000000000000        13.0000000000000       -1.79207661508274     
   7.00000000000000        14.0000000000000       -1.85421014187694     
   7.00000000000000        15.0000000000000       -1.91023767931148     
   7.00000000000000        16.0000000000000       -1.95818058294527     
   7.00000000000000        17.0000000000000       -1.99516321104077     
   7.00000000000000        18.0000000000000       -2.01836472810748     
   7.00000000000000        19.0000000000000       -2.02495850979246     
   7.00000000000000        20.0000000000000       -2.01305212412619     
   7.00000000000000        21.0000000000000       -1.98238694536938     
   7.00000000000000        22.0000000000000       -1.93334039513750     
   7.00000000000000        23.0000000000000       -1.86661002306753     
   7.00000000000000        24.0000000000000       -1.78466587403528     
   7.00000000000000        25.0000000000000       -1.69244582422861     
   8.00000000000000        1.00000000000000       -1.25752198730581     
   8.00000000000000        2.00000000000000       -1.29100767669606     
   8.00000000000000        3.00000000000000       -1.32564377536979     
   8.00000000000000        4.00000000000000       -1.36269459412465     
   8.00000000000000        5.00000000000000       -1.40301667226906     
   8.00000000000000        6.00000000000000       -1.44705522443725     
   8.00000000000000        7.00000000000000       -1.49483443565571     
   8.00000000000000        8.00000000000000       -1.54645679593246     
   8.00000000000000        9.00000000000000       -1.60217494374910     
   8.00000000000000        10.0000000000000       -1.66160978358666     
   8.00000000000000        11.0000000000000       -1.72486741717000     
   8.00000000000000        12.0000000000000       -1.79181280806732     
   8.00000000000000        13.0000000000000       -1.85606872804521     
   8.00000000000000        14.0000000000000       -1.91343197960164     
   8.00000000000000        15.0000000000000       -1.96174451981007     
   8.00000000000000        16.0000000000000       -1.99879337730548     
   8.00000000000000        17.0000000000000       -2.02211782614725     
   8.00000000000000        18.0000000000000       -2.02938051643020     
   8.00000000000000        19.0000000000000       -2.01836549972366     
   8.00000000000000        20.0000000000000       -1.98906957318712     
   8.00000000000000        21.0000000000000       -1.94219184036157     
   8.00000000000000        22.0000000000000       -1.87950292020242     
   8.00000000000000        23.0000000000000       -1.80374364777306     
   8.00000000000000        24.0000000000000       -1.71865613148454     
   8.00000000000000        25.0000000000000       -1.62852036332270     
   9.00000000000000        1.00000000000000       -1.26781198129379     
   9.00000000000000        2.00000000000000       -1.30739663025669     
   9.00000000000000        3.00000000000000       -1.34881612708218     
   9.00000000000000        4.00000000000000       -1.39281397837905     
   9.00000000000000        5.00000000000000       -1.44008600614671     
   9.00000000000000        6.00000000000000       -1.49077372758870     
   9.00000000000000        7.00000000000000       -1.54477590271396     
   9.00000000000000        8.00000000000000       -1.60215731755761     
   9.00000000000000        9.00000000000000       -1.66200355135519     
   9.00000000000000        10.0000000000000       -1.72359595665915     
   9.00000000000000        11.0000000000000       -1.78689162802386     
   9.00000000000000        12.0000000000000       -1.85198990361800     
   9.00000000000000        13.0000000000000       -1.91124081699569     
   9.00000000000000        14.0000000000000       -1.96097304886917     
   9.00000000000000        15.0000000000000       -1.99942077288023     
   9.00000000000000        16.0000000000000       -2.02309378829471     
   9.00000000000000        17.0000000000000       -2.03151904623831     
   9.00000000000000        18.0000000000000       -2.02211844882456     
   9.00000000000000        19.0000000000000       -1.99516456491852     
   9.00000000000000        20.0000000000000       -1.95127027734355     
   9.00000000000000        21.0000000000000       -1.89213039655369     
   9.00000000000000        22.0000000000000       -1.82096066603397     
   9.00000000000000        23.0000000000000       -1.74099586642494     
   9.00000000000000        24.0000000000000       -1.65601064940707     
   9.00000000000000        25.0000000000000       -1.56923634158953     
   10.0000000000000        1.00000000000000       -1.28438061305299     
   10.0000000000000        2.00000000000000       -1.33009552520515     
   10.0000000000000        3.00000000000000       -1.37800388922423     
   10.0000000000000        4.00000000000000       -1.42881475194209     
   10.0000000000000        5.00000000000000       -1.48272099612877     
   10.0000000000000        6.00000000000000       -1.53982762196698     
   10.0000000000000        7.00000000000000       -1.59986956079363     
   10.0000000000000        8.00000000000000       -1.66157390999083     
   10.0000000000000        9.00000000000000       -1.72357780251620     
   10.0000000000000        10.0000000000000       -1.78482640937798     
   10.0000000000000        11.0000000000000       -1.84494944155668     
   10.0000000000000        12.0000000000000       -1.90425953136322     
   10.0000000000000        13.0000000000000       -1.95605609418667     
   10.0000000000000        14.0000000000000       -1.99545109026416     
   10.0000000000000        15.0000000000000       -2.02104509153588     
   10.0000000000000        16.0000000000000       -2.03036150218036     
   10.0000000000000        17.0000000000000       -2.02309431889509     
   10.0000000000000        18.0000000000000       -1.99879448175933     
   10.0000000000000        19.0000000000000       -1.95818232443112     
   10.0000000000000        20.0000000000000       -1.90282295241437     
   10.0000000000000        21.0000000000000       -1.83565514027224     
   10.0000000000000        22.0000000000000       -1.75999460694938     
   10.0000000000000        23.0000000000000       -1.67917102574256     
   10.0000000000000        24.0000000000000       -1.59630040499268     
   10.0000000000000        25.0000000000000       -1.51367200527008     
   11.0000000000000        1.00000000000000       -1.30704577649571     
   11.0000000000000        2.00000000000000       -1.35888573260979     
   11.0000000000000        3.00000000000000       -1.41338166375157     
   11.0000000000000        4.00000000000000       -1.47090380637515     
   11.0000000000000        5.00000000000000       -1.53173711691927     
   11.0000000000000        6.00000000000000       -1.59535804587452     
   11.0000000000000        7.00000000000000       -1.66033577581445     
   11.0000000000000        8.00000000000000       -1.72481241644467     
   11.0000000000000        9.00000000000000       -1.78685563632793     
   11.0000000000000        10.0000000000000       -1.84493265680471     
   11.0000000000000        11.0000000000000       -1.89831003627526     
   11.0000000000000        12.0000000000000       -1.94712747229091     
   11.0000000000000        13.0000000000000       -1.98805126384537     
   11.0000000000000        14.0000000000000       -2.01495552181358     
   11.0000000000000        15.0000000000000       -2.02626321988870     
   11.0000000000000        16.0000000000000       -2.02104547995430     
   11.0000000000000        17.0000000000000       -1.99942159382162     
   11.0000000000000        18.0000000000000       -1.96174598836181     
   11.0000000000000        19.0000000000000       -1.91023953219968     
   11.0000000000000        20.0000000000000       -1.84694809831091     
   11.0000000000000        21.0000000000000       -1.77528582240710     
   11.0000000000000        22.0000000000000       -1.69823056955269     
   11.0000000000000        23.0000000000000       -1.61892699263951     
   11.0000000000000        24.0000000000000       -1.53953355122860     
   11.0000000000000        25.0000000000000       -1.46175885147832     
   12.0000000000000        1.00000000000000       -1.33577255739017     
   12.0000000000000        2.00000000000000       -1.39408174478700     
   12.0000000000000        3.00000000000000       -1.45555197351867     
   12.0000000000000        4.00000000000000       -1.52057518705961     
   12.0000000000000        5.00000000000000       -1.58850730221442     
   12.0000000000000        6.00000000000000       -1.65775070990400     
   12.0000000000000        7.00000000000000       -1.72621695519336     
   12.0000000000000        8.00000000000000       -1.79173912060941     
   12.0000000000000        9.00000000000000       -1.85193830233456     
   12.0000000000000        10.0000000000000       -1.90422956563734     
   12.0000000000000        11.0000000000000       -1.94711526728711     
   12.0000000000000        12.0000000000000       -1.98112036556010     
   12.0000000000000        13.0000000000000       -2.00681513433059     
   12.0000000000000        14.0000000000000       -2.01905163721945     
   12.0000000000000        15.0000000000000       -2.01495602196921     
   12.0000000000000        16.0000000000000       -1.99545196940590     
   12.0000000000000        17.0000000000000       -1.96097428678832     
   12.0000000000000        18.0000000000000       -1.91343381359546     
   12.0000000000000        19.0000000000000       -1.85421198837239     
   12.0000000000000        20.0000000000000       -1.78634945652594     
   12.0000000000000        21.0000000000000       -1.71294082565168     
   12.0000000000000        22.0000000000000       -1.63681434279130     
   12.0000000000000        23.0000000000000       -1.56067856458147     
   12.0000000000000        24.0000000000000       -1.48602465204057     
   12.0000000000000        25.0000000000000       -1.41388774522565     
   13.0000000000000        1.00000000000000       -1.37102795912580     
   13.0000000000000        2.00000000000000       -1.43674168212972     
   13.0000000000000        3.00000000000000       -1.50556971968733     
   13.0000000000000        4.00000000000000       -1.57704978568858     
   13.0000000000000        5.00000000000000       -1.64989118253279     
   13.0000000000000        6.00000000000000       -1.72248381485680     
   13.0000000000000        7.00000000000000       -1.79196671079122     
   13.0000000000000        8.00000000000000       -1.85598168357090     
   13.0000000000000        9.00000000000000       -1.91117923484104     
   13.0000000000000        10.0000000000000       -1.95601803709318     
   13.0000000000000        11.0000000000000       -1.98803164429937     
   13.0000000000000        12.0000000000000       -2.00680772807033     
   13.0000000000000        13.0000000000000       -2.01190162326226     
   13.0000000000000        14.0000000000000       -2.00681570569218     
   13.0000000000000        15.0000000000000       -1.98805223227578     
   13.0000000000000        16.0000000000000       -1.95605724696289     
   13.0000000000000        17.0000000000000       -1.91124243306133     
   13.0000000000000        18.0000000000000       -1.85607034687638     
   13.0000000000000        19.0000000000000       -1.79207852080340     
   13.0000000000000        20.0000000000000       -1.72261220830731     
   13.0000000000000        21.0000000000000       -1.65002704970723     
   13.0000000000000        22.0000000000000       -1.57718365220908     
   13.0000000000000        23.0000000000000       -1.50569418651304     
   13.0000000000000        24.0000000000000       -1.43685210502638     
   13.0000000000000        25.0000000000000       -1.37112238385239     
   14.0000000000000        1.00000000000000       -1.41378737696322     
   14.0000000000000        2.00000000000000       -1.48590251552947     
   14.0000000000000        3.00000000000000       -1.56053755562321     
   14.0000000000000        4.00000000000000       -1.63666139692296     
   14.0000000000000        5.00000000000000       -1.71278583006343     
   14.0000000000000        6.00000000000000       -1.78620520935367     
   14.0000000000000        7.00000000000000       -1.85408874443849     
   14.0000000000000        8.00000000000000       -1.91333751271468     
   14.0000000000000        9.00000000000000       -1.96090630768041     
   14.0000000000000        10.0000000000000       -1.99540812714127     
   14.0000000000000        11.0000000000000       -2.01492995259049     
   14.0000000000000        12.0000000000000       -2.01903720843631     
   14.0000000000000        13.0000000000000       -2.00680831867420     
   14.0000000000000        14.0000000000000       -1.98112140683458     
   14.0000000000000        15.0000000000000       -1.94712888690861     
   14.0000000000000        16.0000000000000       -1.90426125283241     
   14.0000000000000        17.0000000000000       -1.85199150658007     
   14.0000000000000        18.0000000000000       -1.79181459826650     
   14.0000000000000        19.0000000000000       -1.72631158485628     
   14.0000000000000        20.0000000000000       -1.65785868264949     
   14.0000000000000        21.0000000000000       -1.58862172513742     
   14.0000000000000        22.0000000000000       -1.52068923844247     
   14.0000000000000        23.0000000000000       -1.45566159301154     
   14.0000000000000        24.0000000000000       -1.39418468793082     
   14.0000000000000        25.0000000000000       -1.33586570962853     
   15.0000000000000        1.00000000000000       -1.46165109681898     
   15.0000000000000        2.00000000000000       -1.53939860923909     
   15.0000000000000        3.00000000000000       -1.61876903523334     
   15.0000000000000        4.00000000000000       -1.69805929759262     
   15.0000000000000        5.00000000000000       -1.77511519268066     
   15.0000000000000        6.00000000000000       -1.84679266894228     
   15.0000000000000        7.00000000000000       -1.91011034912452     
   15.0000000000000        8.00000000000000       -1.96164733878353     
   15.0000000000000        9.00000000000000       -1.99935150283309     
   15.0000000000000        10.0000000000000       -2.02099726555199     
   15.0000000000000        11.0000000000000       -2.02622941596441     
   15.0000000000000        12.0000000000000       -2.01493052403001     
   15.0000000000000        13.0000000000000       -1.98803269088793     
   15.0000000000000        14.0000000000000       -1.94711673007207     
   15.0000000000000        15.0000000000000       -1.89831158004377     
   15.0000000000000        16.0000000000000       -1.84495102592491     
   15.0000000000000        17.0000000000000       -1.78689321348726     
   15.0000000000000        18.0000000000000       -1.72486894124513     
   15.0000000000000        19.0000000000000       -1.66040862425843     
   15.0000000000000        20.0000000000000       -1.59544326728240     
   15.0000000000000        21.0000000000000       -1.53183079038333     
   15.0000000000000        22.0000000000000       -1.47100305153039     
   15.0000000000000        23.0000000000000       -1.41348337635580     
   15.0000000000000        24.0000000000000       -1.35898499559051     
   15.0000000000000        25.0000000000000       -1.30713847391550     
   16.0000000000000        1.00000000000000       -1.51355574362887     
   16.0000000000000        2.00000000000000       -1.59615158963327     
   16.0000000000000        3.00000000000000       -1.67899577015479     
   16.0000000000000        4.00000000000000       -1.75980614102762     
   16.0000000000000        5.00000000000000       -1.83547162321937     
   16.0000000000000        6.00000000000000       -1.90266134575669     
   16.0000000000000        7.00000000000000       -1.95805233195441     
   16.0000000000000        8.00000000000000       -1.99869629156412     
   16.0000000000000        9.00000000000000       -2.02302133005465     
   16.0000000000000        10.0000000000000       -2.03030499582239     
   16.0000000000000        11.0000000000000       -2.02099779971280     
   16.0000000000000        12.0000000000000       -1.99540919810276     
   16.0000000000000        13.0000000000000       -1.95601935811526     
   16.0000000000000        14.0000000000000       -1.90423140136502     
   16.0000000000000        15.0000000000000       -1.84493429992532     
   16.0000000000000        16.0000000000000       -1.78482783339386     
   16.0000000000000        17.0000000000000       -1.72359715981435     
   16.0000000000000        18.0000000000000       -1.66161073696460     
   16.0000000000000        19.0000000000000       -1.59992223039995     
   16.0000000000000        20.0000000000000       -1.53989428451613     
   16.0000000000000        21.0000000000000       -1.48280048532531     
   16.0000000000000        22.0000000000000       -1.42890423430232     
   16.0000000000000        23.0000000000000       -1.37809846016218     
   16.0000000000000        24.0000000000000       -1.33019089070141     
   16.0000000000000        25.0000000000000       -1.28447286914343     
   17.0000000000000        1.00000000000000       -1.56911105488566     
   17.0000000000000        2.00000000000000       -1.65584677530143     
   17.0000000000000        3.00000000000000       -1.74080232106650     
   17.0000000000000        4.00000000000000       -1.82075632897887     
   17.0000000000000        5.00000000000000       -1.89193875684298     
   17.0000000000000        6.00000000000000       -1.95110895385069     
   17.0000000000000        7.00000000000000       -1.99503819741083     
   17.0000000000000        8.00000000000000       -2.02202050415087     
   17.0000000000000        9.00000000000000       -2.03143880958445     
   17.0000000000000        10.0000000000000       -2.02302210907133     
   17.0000000000000        11.0000000000000       -1.99935267133728     
   17.0000000000000        12.0000000000000       -1.96090788303461     
   17.0000000000000        13.0000000000000       -1.91118112031211     
   17.0000000000000        14.0000000000000       -1.85194009103187     
   17.0000000000000        15.0000000000000       -1.78685733915826     
   17.0000000000000        16.0000000000000       -1.72357906090960     
   17.0000000000000        17.0000000000000       -1.66200439337235     
   17.0000000000000        18.0000000000000       -1.60217535350614     
   17.0000000000000        19.0000000000000       -1.54481050282287     
   17.0000000000000        20.0000000000000       -1.49082505665431     
   17.0000000000000        21.0000000000000       -1.44015226290479     
   17.0000000000000        22.0000000000000       -1.39289201674356     
   17.0000000000000        23.0000000000000       -1.34890221967551     
   17.0000000000000        24.0000000000000       -1.30748733883528     
   17.0000000000000        25.0000000000000       -1.26790557654082     
   18.0000000000000        1.00000000000000       -1.62838558445137     
   18.0000000000000        2.00000000000000       -1.71847549295547     
   18.0000000000000        3.00000000000000       -1.80353103306065     
   18.0000000000000        4.00000000000000       -1.87928614815263     
   18.0000000000000        5.00000000000000       -1.94199977874181     
   18.0000000000000        6.00000000000000       -1.98891557024623     
   18.0000000000000        7.00000000000000       -2.01824405212764     
   18.0000000000000        8.00000000000000       -2.02927758386625     
   18.0000000000000        9.00000000000000       -2.02202152002773     
   18.0000000000000        10.0000000000000       -1.99869795037104     
   18.0000000000000        11.0000000000000       -1.96164936145521     
   18.0000000000000        12.0000000000000       -1.91333981621892     
   18.0000000000000        13.0000000000000       -1.85598365772288     
   18.0000000000000        14.0000000000000       -1.79174115835585     
   18.0000000000000        15.0000000000000       -1.72481410830878     
   18.0000000000000        16.0000000000000       -1.66157496576571     
   18.0000000000000        17.0000000000000       -1.60215777376032     
   18.0000000000000        18.0000000000000       -1.54645662691913     
   18.0000000000000        19.0000000000000       -1.49485166175559     
   18.0000000000000        20.0000000000000       -1.44709008928323     
   18.0000000000000        21.0000000000000       -1.40306760160555     
   18.0000000000000        22.0000000000000       -1.36275944063147     
   18.0000000000000        23.0000000000000       -1.32572022463724     
   18.0000000000000        24.0000000000000       -1.29109462424167     
   18.0000000000000        25.0000000000000       -1.25762032595907     
   19.0000000000000        1.00000000000000       -1.69230139355825     
   19.0000000000000        2.00000000000000       -1.78446699846201     
   19.0000000000000        3.00000000000000       -1.86637950183724     
   19.0000000000000        4.00000000000000       -1.93311946856079     
   19.0000000000000        5.00000000000000       -1.98220612422714     
   19.0000000000000        6.00000000000000       -2.01291036112952     
   19.0000000000000        7.00000000000000       -2.02483623809819     
   19.0000000000000        8.00000000000000       -2.01824542836100     
   19.0000000000000        9.00000000000000       -1.99504038496401     
   19.0000000000000        10.0000000000000       -1.95805489410811     
   19.0000000000000        11.0000000000000       -1.91011290094678     
   19.0000000000000        12.0000000000000       -1.85409113980344     
   19.0000000000000        13.0000000000000       -1.79196902271267     
   19.0000000000000        14.0000000000000       -1.72621908443111     
   19.0000000000000        15.0000000000000       -1.66033735950780     
   19.0000000000000        16.0000000000000       -1.59987034425733     
   19.0000000000000        17.0000000000000       -1.54477590394512     
   19.0000000000000        18.0000000000000       -1.49483371758376     
   19.0000000000000        19.0000000000000       -1.44938310311038     
   19.0000000000000        20.0000000000000       -1.40824579699870     
   19.0000000000000        21.0000000000000       -1.37134721573320     
   19.0000000000000        22.0000000000000       -1.33845761974450     
   19.0000000000000        23.0000000000000       -1.30886857937118     
   19.0000000000000        24.0000000000000       -1.28137981466570     
   19.0000000000000        25.0000000000000       -1.25416886184776     
   20.0000000000000        1.00000000000000       -1.76239167501910     
   20.0000000000000        2.00000000000000       -1.85402147904988     
   20.0000000000000        3.00000000000000       -1.92711452266811     
   20.0000000000000        4.00000000000000       -1.97802164184960     
   20.0000000000000        5.00000000000000       -2.00835289541019     
   20.0000000000000        6.00000000000000       -2.01988704785684     
   20.0000000000000        7.00000000000000       -2.01291212677153     
   20.0000000000000        8.00000000000000       -1.98891850065957     
   20.0000000000000        9.00000000000000       -1.95111223436748     
   20.0000000000000        10.0000000000000       -1.90266478347023     
   20.0000000000000        11.0000000000000       -1.84679587093426     
   20.0000000000000        12.0000000000000       -1.78620798190165     
   20.0000000000000        13.0000000000000       -1.72248626985345     
   20.0000000000000        14.0000000000000       -1.65775276240619     
   20.0000000000000        15.0000000000000       -1.59535941198891     
   20.0000000000000        16.0000000000000       -1.53982803874433     
   20.0000000000000        17.0000000000000       -1.49077329961924     
   20.0000000000000        18.0000000000000       -1.44705403520593     
   20.0000000000000        19.0000000000000       -1.40822729894488     
   20.0000000000000        20.0000000000000       -1.37422383739006     
   20.0000000000000        21.0000000000000       -1.34500781519380     
   20.0000000000000        22.0000000000000       -1.32014367479441     
   20.0000000000000        23.0000000000000       -1.29868879872023     
   20.0000000000000        24.0000000000000       -1.27898508172281     
   20.0000000000000        25.0000000000000       -1.25823363303993     
   21.0000000000000        1.00000000000000       -1.83931153193451     
   21.0000000000000        2.00000000000000       -1.92481790715410     
   21.0000000000000        3.00000000000000       -1.98037281334372     
   21.0000000000000        4.00000000000000       -2.00869735813599     
   21.0000000000000        5.00000000000000       -2.01735647857777     
   21.0000000000000        6.00000000000000       -2.00835523070473     
   21.0000000000000        7.00000000000000       -1.98220989054651     
   21.0000000000000        8.00000000000000       -1.94200407634504     
   21.0000000000000        9.00000000000000       -1.89194310819887     
   21.0000000000000        10.0000000000000       -1.83547570464173     
   21.0000000000000        11.0000000000000       -1.77511873963978     
   21.0000000000000        12.0000000000000       -1.71278918819853     
   21.0000000000000        13.0000000000000       -1.64989392811068     
   21.0000000000000        14.0000000000000       -1.58850943861096     
   21.0000000000000        15.0000000000000       -1.53173815700908     
   21.0000000000000        16.0000000000000       -1.48272094330974     
   21.0000000000000        17.0000000000000       -1.44008507478282     
   21.0000000000000        18.0000000000000       -1.40301486194737     
   21.0000000000000        19.0000000000000       -1.37131080626974     
   21.0000000000000        20.0000000000000       -1.34498896602920     
   21.0000000000000        21.0000000000000       -1.32398206827589     
   21.0000000000000        22.0000000000000       -1.30789826059392     
   21.0000000000000        23.0000000000000       -1.29558097001147     
   21.0000000000000        24.0000000000000       -1.28438579312453     
   21.0000000000000        25.0000000000000       -1.26980021645412     
   22.0000000000000        1.00000000000000       -1.91839275300432     
   22.0000000000000        2.00000000000000       -1.98850298979332     
   22.0000000000000        3.00000000000000       -2.01897508448436     
   22.0000000000000        4.00000000000000       -2.02241300352518     
   22.0000000000000        5.00000000000000       -2.00870026390719     
   22.0000000000000        6.00000000000000       -1.97802646623850     
   22.0000000000000        7.00000000000000       -1.93312497843816     
   22.0000000000000        8.00000000000000       -1.87929152115943     
   22.0000000000000        9.00000000000000       -1.82076123839319     
   22.0000000000000        10.0000000000000       -1.75981058422123     
   22.0000000000000        11.0000000000000       -1.69806321841015     
   22.0000000000000        12.0000000000000       -1.63666466169564     
   22.0000000000000        13.0000000000000       -1.57705231897510     
   22.0000000000000        14.0000000000000       -1.52057700075038     
   22.0000000000000        15.0000000000000       -1.47090442432310     
   22.0000000000000        16.0000000000000       -1.42881441009827     
   22.0000000000000        17.0000000000000       -1.39281266377287     
   22.0000000000000        18.0000000000000       -1.36269232946044     
   22.0000000000000        19.0000000000000       -1.33840422366377     
   22.0000000000000        20.0000000000000       -1.32010516554290     
   22.0000000000000        21.0000000000000       -1.30787662246642     
   22.0000000000000        22.0000000000000       -1.30146600141707     
   22.0000000000000        23.0000000000000       -1.29919277845623     
   22.0000000000000        24.0000000000000       -1.29653021129786     
   22.0000000000000        25.0000000000000       -1.28576551128329     
   23.0000000000000        1.00000000000000       -1.98286231633266     
   23.0000000000000        2.00000000000000       -2.03424002229247     
   23.0000000000000        3.00000000000000       -2.04053395664176     
   23.0000000000000        4.00000000000000       -2.01897872154172     
   23.0000000000000        5.00000000000000       -1.98037848419978     
   23.0000000000000        6.00000000000000       -1.92712134582168     
   23.0000000000000        7.00000000000000       -1.86638611647709     
   23.0000000000000        8.00000000000000       -1.80353710125247     
   23.0000000000000        9.00000000000000       -1.74080763747228     
   23.0000000000000        10.0000000000000       -1.67900040213703     
   23.0000000000000        11.0000000000000       -1.61877285741545     
   23.0000000000000        12.0000000000000       -1.56054079629346     
   23.0000000000000        13.0000000000000       -1.50557218571140     
   23.0000000000000        14.0000000000000       -1.45555337318496     
   23.0000000000000        15.0000000000000       -1.41338191277636     
   23.0000000000000        16.0000000000000       -1.37800314159570     
   23.0000000000000        17.0000000000000       -1.34881433405921     
   23.0000000000000        18.0000000000000       -1.32564104898203     
   23.0000000000000        19.0000000000000       -1.30879833561741     
   23.0000000000000        20.0000000000000       -1.29862778430253     
   23.0000000000000        21.0000000000000       -1.29553098589551     
   23.0000000000000        22.0000000000000       -1.29916016528322     
   23.0000000000000        23.0000000000000       -1.30656999303919     
   23.0000000000000        24.0000000000000       -1.30931390480353     
   23.0000000000000        25.0000000000000       -1.29592475565095     
   24.0000000000000        1.00000000000000       -2.01398309178068     
   24.0000000000000        2.00000000000000       -2.05696814507481     
   24.0000000000000        3.00000000000000       -2.03424506352351     
   24.0000000000000        4.00000000000000       -1.98850963497572     
   24.0000000000000        5.00000000000000       -1.92482579797056     
   24.0000000000000        6.00000000000000       -1.85402941113003     
   24.0000000000000        7.00000000000000       -1.78447404952014     
   24.0000000000000        8.00000000000000       -1.71848175191639     
   24.0000000000000        9.00000000000000       -1.65585215160556     
   24.0000000000000        10.0000000000000       -1.59615621479880     
   24.0000000000000        11.0000000000000       -1.53940233748622     
   24.0000000000000        12.0000000000000       -1.48590563386599     
   24.0000000000000        13.0000000000000       -1.43674389022629     
   24.0000000000000        14.0000000000000       -1.39408269870276     
   24.0000000000000        15.0000000000000       -1.35888563263098     
   24.0000000000000        16.0000000000000       -1.33009452694859     
   24.0000000000000        17.0000000000000       -1.30739455875980     
   24.0000000000000        18.0000000000000       -1.29100456499814     
   24.0000000000000        19.0000000000000       -1.28129058943296     
   24.0000000000000        20.0000000000000       -1.27889441462354     
   24.0000000000000        21.0000000000000       -1.28429339490284     
   24.0000000000000        22.0000000000000       -1.29644280836513     
   24.0000000000000        23.0000000000000       -1.30925269490184     
   24.0000000000000        24.0000000000000       -1.30891773533597     
   24.0000000000000        25.0000000000000       -1.28683859604272     
   25.0000000000000        1.00000000000000       -2.01219890474431     
   25.0000000000000        2.00000000000000       -2.01398797627929     
   25.0000000000000        3.00000000000000       -1.98286934501209     
   25.0000000000000        4.00000000000000       -1.91840197060998     
   25.0000000000000        5.00000000000000       -1.83932105181226     
   25.0000000000000        6.00000000000000       -1.76240016411528     
   25.0000000000000        7.00000000000000       -1.69230857646287     
   25.0000000000000        8.00000000000000       -1.62839165654312     
   25.0000000000000        9.00000000000000       -1.56911622037216     
   25.0000000000000        10.0000000000000       -1.51356018046702     
   25.0000000000000        11.0000000000000       -1.46165463339915     
   25.0000000000000        12.0000000000000       -1.41379024122067     
   25.0000000000000        13.0000000000000       -1.37102972478024     
   25.0000000000000        14.0000000000000       -1.33577316508060     
   25.0000000000000        15.0000000000000       -1.30704550301745     
   25.0000000000000        16.0000000000000       -1.28437930817192     
   25.0000000000000        17.0000000000000       -1.26780973616199     
   25.0000000000000        18.0000000000000       -1.25751869443537     
   25.0000000000000        19.0000000000000       -1.25405562595203     
   25.0000000000000        20.0000000000000       -1.25810138934330     
   25.0000000000000        21.0000000000000       -1.26964326473307     
   25.0000000000000        22.0000000000000       -1.28558937324507     
   25.0000000000000        23.0000000000000       -1.29576506037011     
   25.0000000000000        24.0000000000000       -1.28676310529090     
   25.0000000000000        25.0000000000000       -1.26312388768240     
