   1.00000000000000        1.00000000000000       -2.23868641753196     
   1.00000000000000        2.00000000000000       -2.27438461369341     
   1.00000000000000        3.00000000000000       -2.24579516728172     
   1.00000000000000        4.00000000000000       -2.19641411691516     
   1.00000000000000        5.00000000000000       -2.14715704202273     
   1.00000000000000        6.00000000000000       -2.10079736724323     
   1.00000000000000        7.00000000000000       -2.05565285573267     
   1.00000000000000        8.00000000000000       -2.00978693952543     
   1.00000000000000        9.00000000000000       -1.96185970360742     
   1.00000000000000        10.0000000000000       -1.91138876132995     
   1.00000000000000        11.0000000000000       -1.85928504950681     
   1.00000000000000        12.0000000000000       -1.80595635544764     
   1.00000000000000        13.0000000000000       -1.75438279136479     
   1.00000000000000        14.0000000000000       -1.71461849303764     
   1.00000000000000        15.0000000000000       -1.68128663949206     
   1.00000000000000        16.0000000000000       -1.65300656053129     
   1.00000000000000        17.0000000000000       -1.62984028608153     
   1.00000000000000        18.0000000000000       -1.61209749312251     
   1.00000000000000        19.0000000000000       -1.60086596571788     
   1.00000000000000        20.0000000000000       -1.59757351560498     
   1.00000000000000        21.0000000000000       -1.60310970426473     
   1.00000000000000        22.0000000000000       -1.61539791084938     
   1.00000000000000        23.0000000000000       -1.62501377436574     
   1.00000000000000        24.0000000000000       -1.61732114202781     
   1.00000000000000        25.0000000000000       -1.58377374202852     
   2.00000000000000        1.00000000000000       -2.27424761037018     
   2.00000000000000        2.00000000000000       -2.29058709158920     
   2.00000000000000        3.00000000000000       -2.25605784635428     
   2.00000000000000        4.00000000000000       -2.21607562639678     
   2.00000000000000        5.00000000000000       -2.17571756526479     
   2.00000000000000        6.00000000000000       -2.13404163790313     
   2.00000000000000        7.00000000000000       -2.08978341188490     
   2.00000000000000        8.00000000000000       -2.04234281494302     
   2.00000000000000        9.00000000000000       -1.99148958823665     
   2.00000000000000        10.0000000000000       -1.93786620290741     
   2.00000000000000        11.0000000000000       -1.88124555063338     
   2.00000000000000        12.0000000000000       -1.82424078799112     
   2.00000000000000        13.0000000000000       -1.77474652451474     
   2.00000000000000        14.0000000000000       -1.73597339930531     
   2.00000000000000        15.0000000000000       -1.70276085204398     
   2.00000000000000        16.0000000000000       -1.67409238894646     
   2.00000000000000        17.0000000000000       -1.65054037948955     
   2.00000000000000        18.0000000000000       -1.63269286988751     
   2.00000000000000        19.0000000000000       -1.62164147806684     
   2.00000000000000        20.0000000000000       -1.61852346112280     
   2.00000000000000        21.0000000000000       -1.62311533299163     
   2.00000000000000        22.0000000000000       -1.63077627388951     
   2.00000000000000        23.0000000000000       -1.62985368097084     
   2.00000000000000        24.0000000000000       -1.60657962641317     
   2.00000000000000        25.0000000000000       -1.56433630259929     
   3.00000000000000        1.00000000000000       -2.24544943493389     
   3.00000000000000        2.00000000000000       -2.25589544623434     
   3.00000000000000        3.00000000000000       -2.24207129329373     
   3.00000000000000        4.00000000000000       -2.21812352823969     
   3.00000000000000        5.00000000000000       -2.18722655844800     
   3.00000000000000        6.00000000000000       -2.15005869160821     
   3.00000000000000        7.00000000000000       -2.10719327620280     
   3.00000000000000        8.00000000000000       -2.05892150052572     
   3.00000000000000        9.00000000000000       -2.00628671998749     
   3.00000000000000        10.0000000000000       -1.94872423607756     
   3.00000000000000        11.0000000000000       -1.88859656218530     
   3.00000000000000        12.0000000000000       -1.83012497207134     
   3.00000000000000        13.0000000000000       -1.78517515626172     
   3.00000000000000        14.0000000000000       -1.74724444103967     
   3.00000000000000        15.0000000000000       -1.71386574001088     
   3.00000000000000        16.0000000000000       -1.68444416085892     
   3.00000000000000        17.0000000000000       -1.65994049632072     
   3.00000000000000        18.0000000000000       -1.64091378644116     
   3.00000000000000        19.0000000000000       -1.62823492460946     
   3.00000000000000        20.0000000000000       -1.62218834544665     
   3.00000000000000        21.0000000000000       -1.62087106434831     
   3.00000000000000        22.0000000000000       -1.61789966900383     
   3.00000000000000        23.0000000000000       -1.60274744340939     
   3.00000000000000        24.0000000000000       -1.57072019739333     
   3.00000000000000        25.0000000000000       -1.52392751586489     
   4.00000000000000        1.00000000000000       -2.19603350885580     
   4.00000000000000        2.00000000000000       -2.21586463199374     
   4.00000000000000        3.00000000000000       -2.21804779744586     
   4.00000000000000        4.00000000000000       -2.20624692205895     
   4.00000000000000        5.00000000000000       -2.18282061249453     
   4.00000000000000        6.00000000000000       -2.14987094371620     
   4.00000000000000        7.00000000000000       -2.10832189066707     
   4.00000000000000        8.00000000000000       -2.05957853413050     
   4.00000000000000        9.00000000000000       -2.00436574849377     
   4.00000000000000        10.0000000000000       -1.94439826870380     
   4.00000000000000        11.0000000000000       -1.88101120650592     
   4.00000000000000        12.0000000000000       -1.82753268753994     
   4.00000000000000        13.0000000000000       -1.78571256988846     
   4.00000000000000        14.0000000000000       -1.74789063613373     
   4.00000000000000        15.0000000000000       -1.71373009425721     
   4.00000000000000        16.0000000000000       -1.68315841781172     
   4.00000000000000        17.0000000000000       -1.65681509431310     
   4.00000000000000        18.0000000000000       -1.63518456603691     
   4.00000000000000        19.0000000000000       -1.61863749450658     
   4.00000000000000        20.0000000000000       -1.60628835629625     
   4.00000000000000        21.0000000000000       -1.59510271137749     
   4.00000000000000        22.0000000000000       -1.57926961366838     
   4.00000000000000        23.0000000000000       -1.55278555600540     
   4.00000000000000        24.0000000000000       -1.51179370937275     
   4.00000000000000        25.0000000000000       -1.45078712347081     
   5.00000000000000        1.00000000000000       -2.14685089405428     
   5.00000000000000        2.00000000000000       -2.17553020845676     
   5.00000000000000        3.00000000000000       -2.18713213324040     
   5.00000000000000        4.00000000000000       -2.18278491632107     
   5.00000000000000        5.00000000000000       -2.16452029542721     
   5.00000000000000        6.00000000000000       -2.13438379183774     
   5.00000000000000        7.00000000000000       -2.09411140174178     
   5.00000000000000        8.00000000000000       -2.04482251054375     
   5.00000000000000        9.00000000000000       -1.98733800904317     
   5.00000000000000        10.0000000000000       -1.92416713956130     
   5.00000000000000        11.0000000000000       -1.86351436948745     
   5.00000000000000        12.0000000000000       -1.81655151741601     
   5.00000000000000        13.0000000000000       -1.77591861753706     
   5.00000000000000        14.0000000000000       -1.73798567379755     
   5.00000000000000        15.0000000000000       -1.70232937458426     
   5.00000000000000        16.0000000000000       -1.66974150300429     
   5.00000000000000        17.0000000000000       -1.64064094885214     
   5.00000000000000        18.0000000000000       -1.61518533101899     
   5.00000000000000        19.0000000000000       -1.59293418847758     
   5.00000000000000        20.0000000000000       -1.57229217174783     
   5.00000000000000        21.0000000000000       -1.55016609859459     
   5.00000000000000        22.0000000000000       -1.52231593415250     
   5.00000000000000        23.0000000000000       -1.48445312927820     
   5.00000000000000        24.0000000000000       -1.43242555763096     
   5.00000000000000        25.0000000000000       -1.36463342441646     
   6.00000000000000        1.00000000000000       -2.10058261517953     
   6.00000000000000        2.00000000000000       -2.13389510655190     
   6.00000000000000        3.00000000000000       -2.14996634118467     
   6.00000000000000        4.00000000000000       -2.14981668664870     
   6.00000000000000        5.00000000000000       -2.13435793542952     
   6.00000000000000        6.00000000000000       -2.10576433644292     
   6.00000000000000        7.00000000000000       -2.06605818829305     
   6.00000000000000        8.00000000000000       -2.01531752336713     
   6.00000000000000        9.00000000000000       -1.95529867960159     
   6.00000000000000        10.0000000000000       -1.89234658157605     
   6.00000000000000        11.0000000000000       -1.83979757304733     
   6.00000000000000        12.0000000000000       -1.79664546978297     
   6.00000000000000        13.0000000000000       -1.75641252543478     
   6.00000000000000        14.0000000000000       -1.71728603836703     
   6.00000000000000        15.0000000000000       -1.67976123685051     
   6.00000000000000        16.0000000000000       -1.64477702865733     
   6.00000000000000        17.0000000000000       -1.61238072738422     
   6.00000000000000        18.0000000000000       -1.58227616414009     
   6.00000000000000        19.0000000000000       -1.55365986291578     
   6.00000000000000        20.0000000000000       -1.52467176250581     
   6.00000000000000        21.0000000000000       -1.49267481522757     
   6.00000000000000        22.0000000000000       -1.45464590187248     
   6.00000000000000        23.0000000000000       -1.40757145255264     
   6.00000000000000        24.0000000000000       -1.34972410803932     
   6.00000000000000        25.0000000000000       -1.28239249834078     
   7.00000000000000        1.00000000000000       -2.05550916706904     
   7.00000000000000        2.00000000000000       -2.08966917384532     
   7.00000000000000        3.00000000000000       -2.10710321341566     
   7.00000000000000        4.00000000000000       -2.10825150556351     
   7.00000000000000        5.00000000000000       -2.09406007262413     
   7.00000000000000        6.00000000000000       -2.06602932184479     
   7.00000000000000        7.00000000000000       -2.02451576249416     
   7.00000000000000        8.00000000000000       -1.97121781435339     
   7.00000000000000        9.00000000000000       -1.91112379585170     
   7.00000000000000        10.0000000000000       -1.85716215157489     
   7.00000000000000        11.0000000000000       -1.80982778358438     
   7.00000000000000        12.0000000000000       -1.76808339953728     
   7.00000000000000        13.0000000000000       -1.72728114469783     
   7.00000000000000        14.0000000000000       -1.68680732569133     
   7.00000000000000        15.0000000000000       -1.64735673858066     
   7.00000000000000        16.0000000000000       -1.60970943553907     
   7.00000000000000        17.0000000000000       -1.57380668899936     
   7.00000000000000        18.0000000000000       -1.53917181202846     
   7.00000000000000        19.0000000000000       -1.50465336156468     
   7.00000000000000        20.0000000000000       -1.46856938751955     
   7.00000000000000        21.0000000000000       -1.42896327156851     
   7.00000000000000        22.0000000000000       -1.38385558077928     
   7.00000000000000        23.0000000000000       -1.33186927518741     
   7.00000000000000        24.0000000000000       -1.27309716716326     
   7.00000000000000        25.0000000000000       -1.20933385051262     
   8.00000000000000        1.00000000000000       -2.00968669611363     
   8.00000000000000        2.00000000000000       -2.04224427018135     
   8.00000000000000        3.00000000000000       -2.05882499465718     
   8.00000000000000        4.00000000000000       -2.05948657679854     
   8.00000000000000        5.00000000000000       -2.04474053178313     
   8.00000000000000        6.00000000000000       -2.01525349204579     
   8.00000000000000        7.00000000000000       -1.97118118804638     
   8.00000000000000        8.00000000000000       -1.91763112767691     
   8.00000000000000        9.00000000000000       -1.86649041183743     
   8.00000000000000        10.0000000000000       -1.81862731200207     
   8.00000000000000        11.0000000000000       -1.77382616900890     
   8.00000000000000        12.0000000000000       -1.73205323115173     
   8.00000000000000        13.0000000000000       -1.69021344086637     
   8.00000000000000        14.0000000000000       -1.64808560374874     
   8.00000000000000        15.0000000000000       -1.60673235745723     
   8.00000000000000        16.0000000000000       -1.56664049176103     
   8.00000000000000        17.0000000000000       -1.52765400460863     
   8.00000000000000        18.0000000000000       -1.48909489417803     
   8.00000000000000        19.0000000000000       -1.44977762372190     
   8.00000000000000        20.0000000000000       -1.40849568130657     
   8.00000000000000        21.0000000000000       -1.36392190295364     
   8.00000000000000        22.0000000000000       -1.31508826568901     
   8.00000000000000        23.0000000000000       -1.26177370559418     
   8.00000000000000        24.0000000000000       -1.20471972877690     
   8.00000000000000        25.0000000000000       -1.14540802993668     
   9.00000000000000        1.00000000000000       -1.96177759002780     
   9.00000000000000        2.00000000000000       -1.99138910444457     
   9.00000000000000        3.00000000000000       -2.00617161552194     
   9.00000000000000        4.00000000000000       -2.00424308034118     
   9.00000000000000        5.00000000000000       -1.98721738345606     
   9.00000000000000        6.00000000000000       -1.95519175393020     
   9.00000000000000        7.00000000000000       -1.91104241049351     
   9.00000000000000        8.00000000000000       -1.86644453599431     
   9.00000000000000        9.00000000000000       -1.82175339052107     
   9.00000000000000        10.0000000000000       -1.77689581518972     
   9.00000000000000        11.0000000000000       -1.73267057908052     
   9.00000000000000        12.0000000000000       -1.69000611767646     
   9.00000000000000        13.0000000000000       -1.64661579715967     
   9.00000000000000        14.0000000000000       -1.60308139956553     
   9.00000000000000        15.0000000000000       -1.56029928654205     
   9.00000000000000        16.0000000000000       -1.51810511412352     
   9.00000000000000        17.0000000000000       -1.47662770486330     
   9.00000000000000        18.0000000000000       -1.43492983793438     
   9.00000000000000        19.0000000000000       -1.39227249271570     
   9.00000000000000        20.0000000000000       -1.34772970829536     
   9.00000000000000        21.0000000000000       -1.30058720933340     
   9.00000000000000        22.0000000000000       -1.25065589721121     
   9.00000000000000        23.0000000000000       -1.19821541010320     
   9.00000000000000        24.0000000000000       -1.14409961281769     
   9.00000000000000        25.0000000000000       -1.08934900827286     
   10.0000000000000        1.00000000000000       -1.91130324645130     
   10.0000000000000        2.00000000000000       -1.93774705834917     
   10.0000000000000        3.00000000000000       -1.94857749723426     
   10.0000000000000        4.00000000000000       -1.94423386286618     
   10.0000000000000        5.00000000000000       -1.92399839248480     
   10.0000000000000        6.00000000000000       -1.89218745926458     
   10.0000000000000        7.00000000000000       -1.85702509825473     
   10.0000000000000        8.00000000000000       -1.81852548644537     
   10.0000000000000        9.00000000000000       -1.77684095265508     
   10.0000000000000        10.0000000000000       -1.73282366170356     
   10.0000000000000        11.0000000000000       -1.68790917524943     
   10.0000000000000        12.0000000000000       -1.64362031837709     
   10.0000000000000        13.0000000000000       -1.59902821269018     
   10.0000000000000        14.0000000000000       -1.55426809878743     
   10.0000000000000        15.0000000000000       -1.51009210731167     
   10.0000000000000        16.0000000000000       -1.46636574224894     
   10.0000000000000        17.0000000000000       -1.42293305043748     
   10.0000000000000        18.0000000000000       -1.37917465094572     
   10.0000000000000        19.0000000000000       -1.33446521604597     
   10.0000000000000        20.0000000000000       -1.28829182774553     
   10.0000000000000        21.0000000000000       -1.24048529307570     
   10.0000000000000        22.0000000000000       -1.19121056305365     
   10.0000000000000        23.0000000000000       -1.14094185705574     
   10.0000000000000        24.0000000000000       -1.09035211722653     
   10.0000000000000        25.0000000000000       -1.04009683788875     
   11.0000000000000        1.00000000000000       -1.85917781968108     
   11.0000000000000        2.00000000000000       -1.88109201563115     
   11.0000000000000        3.00000000000000       -1.88840438586697     
   11.0000000000000        4.00000000000000       -1.88079295603896     
   11.0000000000000        5.00000000000000       -1.86328415418131     
   11.0000000000000        6.00000000000000       -1.83957089116685     
   11.0000000000000        7.00000000000000       -1.80962227217890     
   11.0000000000000        8.00000000000000       -1.77365905434255     
   11.0000000000000        9.00000000000000       -1.73255525373586     
   11.0000000000000        10.0000000000000       -1.68785228989508     
   11.0000000000000        11.0000000000000       -1.64144330502820     
   11.0000000000000        12.0000000000000       -1.59509200025741     
   11.0000000000000        13.0000000000000       -1.54917300856800     
   11.0000000000000        14.0000000000000       -1.50342588989751     
   11.0000000000000        15.0000000000000       -1.45815259165154     
   11.0000000000000        16.0000000000000       -1.41329621874510     
   11.0000000000000        17.0000000000000       -1.36857542767972     
   11.0000000000000        18.0000000000000       -1.32352396298410     
   11.0000000000000        19.0000000000000       -1.27786695678761     
   11.0000000000000        20.0000000000000       -1.23141393953769     
   11.0000000000000        21.0000000000000       -1.18431481956586     
   11.0000000000000        22.0000000000000       -1.13687682528037     
   11.0000000000000        23.0000000000000       -1.08957651167587     
   11.0000000000000        24.0000000000000       -1.04284589447733     
   11.0000000000000        25.0000000000000      -0.997059205808824     
   12.0000000000000        1.00000000000000       -1.80581100177844     
   12.0000000000000        2.00000000000000       -1.82403731815857     
   12.0000000000000        3.00000000000000       -1.82987148937870     
   12.0000000000000        4.00000000000000       -1.82724066376772     
   12.0000000000000        5.00000000000000       -1.81623793167386     
   12.0000000000000        6.00000000000000       -1.79633349661513     
   12.0000000000000        7.00000000000000       -1.76779801994585     
   12.0000000000000        8.00000000000000       -1.73181593432696     
   12.0000000000000        9.00000000000000       -1.68983109113402     
   12.0000000000000        10.0000000000000       -1.64351210931114     
   12.0000000000000        11.0000000000000       -1.59504481024531     
   12.0000000000000        12.0000000000000       -1.54647403009956     
   12.0000000000000        13.0000000000000       -1.49895045227522     
   12.0000000000000        14.0000000000000       -1.45215389218104     
   12.0000000000000        15.0000000000000       -1.40587848213062     
   12.0000000000000        16.0000000000000       -1.36013343497593     
   12.0000000000000        17.0000000000000       -1.31461003125656     
   12.0000000000000        18.0000000000000       -1.26911615409432     
   12.0000000000000        19.0000000000000       -1.22347616539953     
   12.0000000000000        20.0000000000000       -1.17782620363857     
   12.0000000000000        21.0000000000000       -1.13244124631418     
   12.0000000000000        22.0000000000000       -1.08766599286639     
   12.0000000000000        23.0000000000000       -1.04387162049295     
   12.0000000000000        24.0000000000000       -1.00128065687518     
   12.0000000000000        25.0000000000000      -0.960020936006427     
   13.0000000000000        1.00000000000000       -1.75418389741746     
   13.0000000000000        2.00000000000000       -1.77447463101662     
   13.0000000000000        3.00000000000000       -1.78483780238226     
   13.0000000000000        4.00000000000000       -1.78532643503279     
   13.0000000000000        5.00000000000000       -1.77550981883780     
   13.0000000000000        6.00000000000000       -1.75601202999040     
   13.0000000000000        7.00000000000000       -1.72692072561472     
   13.0000000000000        8.00000000000000       -1.68991682724922     
   13.0000000000000        9.00000000000000       -1.64639598836931     
   13.0000000000000        10.0000000000000       -1.59888468880858     
   13.0000000000000        11.0000000000000       -1.54909502601392     
   13.0000000000000        12.0000000000000       -1.49892073441435     
   13.0000000000000        13.0000000000000       -1.44938444061685     
   13.0000000000000        14.0000000000000       -1.40132419299632     
   13.0000000000000        15.0000000000000       -1.35422178368753     
   13.0000000000000        16.0000000000000       -1.30786786230116     
   13.0000000000000        17.0000000000000       -1.26203459298976     
   13.0000000000000        18.0000000000000       -1.21670254623295     
   13.0000000000000        19.0000000000000       -1.17192085340440     
   13.0000000000000        20.0000000000000       -1.12797064875558     
   13.0000000000000        21.0000000000000       -1.08513226881175     
   13.0000000000000        22.0000000000000       -1.04370981425215     
   13.0000000000000        23.0000000000000       -1.00388122103509     
   13.0000000000000        24.0000000000000      -0.965700897412044     
   13.0000000000000        25.0000000000000      -0.929093805732440     
   14.0000000000000        1.00000000000000       -1.71435140198575     
   14.0000000000000        2.00000000000000       -1.73561719092474     
   14.0000000000000        3.00000000000000       -1.74681051006645     
   14.0000000000000        4.00000000000000       -1.74740422278819     
   14.0000000000000        5.00000000000000       -1.73748216692609     
   14.0000000000000        6.00000000000000       -1.71680719197395     
   14.0000000000000        7.00000000000000       -1.68638943014141     
   14.0000000000000        8.00000000000000       -1.64775206752159     
   14.0000000000000        9.00000000000000       -1.60283943700137     
   14.0000000000000        10.0000000000000       -1.55410991519688     
   14.0000000000000        11.0000000000000       -1.50333485228206     
   14.0000000000000        12.0000000000000       -1.45210987422539     
   14.0000000000000        13.0000000000000       -1.40130851232803     
   14.0000000000000        14.0000000000000       -1.35170435843274     
   14.0000000000000        15.0000000000000       -1.30369603257290     
   14.0000000000000        16.0000000000000       -1.25698452100952     
   14.0000000000000        17.0000000000000       -1.21134984546524     
   14.0000000000000        18.0000000000000       -1.16687034115397     
   14.0000000000000        19.0000000000000       -1.12376677918935     
   14.0000000000000        20.0000000000000       -1.08230946058621     
   14.0000000000000        21.0000000000000       -1.04274896441463     
   14.0000000000000        22.0000000000000       -1.00524066781985     
   14.0000000000000        23.0000000000000      -0.969801817675806     
   14.0000000000000        24.0000000000000      -0.936220100518126     
   14.0000000000000        25.0000000000000      -0.903956349561909     
   15.0000000000000        1.00000000000000       -1.68094315845496     
   15.0000000000000        2.00000000000000       -1.70231165132832     
   15.0000000000000        3.00000000000000       -1.71332954262491     
   15.0000000000000        4.00000000000000       -1.71314489710033     
   15.0000000000000        5.00000000000000       -1.70174438589951     
   15.0000000000000        6.00000000000000       -1.67922723616851     
   15.0000000000000        7.00000000000000       -1.64691069378893     
   15.0000000000000        8.00000000000000       -1.60639145808708     
   15.0000000000000        9.00000000000000       -1.56006018064148     
   15.0000000000000        10.0000000000000       -1.50993838678683     
   15.0000000000000        11.0000000000000       -1.45806205957747     
   15.0000000000000        12.0000000000000       -1.40582950105411     
   15.0000000000000        13.0000000000000       -1.35419728549063     
   15.0000000000000        14.0000000000000       -1.30368552465474     
   15.0000000000000        15.0000000000000       -1.25491994585882     
   15.0000000000000        16.0000000000000       -1.20809416058203     
   15.0000000000000        17.0000000000000       -1.16317559379149     
   15.0000000000000        18.0000000000000       -1.12028332841985     
   15.0000000000000        19.0000000000000       -1.07962683439028     
   15.0000000000000        20.0000000000000       -1.04141182619633     
   15.0000000000000        21.0000000000000       -1.00574501234751     
   15.0000000000000        22.0000000000000      -0.972571685416367     
   15.0000000000000        23.0000000000000      -0.941558092153301     
   15.0000000000000        24.0000000000000      -0.912088710312800     
   15.0000000000000        25.0000000000000      -0.883629290048513     
   16.0000000000000        1.00000000000000       -1.65258321777072     
   16.0000000000000        2.00000000000000       -1.67354869588081     
   16.0000000000000        3.00000000000000       -1.68381082120235     
   16.0000000000000        4.00000000000000       -1.68248914918158     
   16.0000000000000        5.00000000000000       -1.66910214318241     
   16.0000000000000        6.00000000000000       -1.64422385931049     
   16.0000000000000        7.00000000000000       -1.60927319406766     
   16.0000000000000        8.00000000000000       -1.56632359456907     
   16.0000000000000        9.00000000000000       -1.51789029891863     
   16.0000000000000        10.0000000000000       -1.46622829532819     
   16.0000000000000        11.0000000000000       -1.41321196346244     
   16.0000000000000        12.0000000000000       -1.36008225909730     
   16.0000000000000        13.0000000000000       -1.30783601515908     
   16.0000000000000        14.0000000000000       -1.25696454310186     
   16.0000000000000        15.0000000000000       -1.20808430056299     
   16.0000000000000        16.0000000000000       -1.16187416219458     
   16.0000000000000        17.0000000000000       -1.11840692713374     
   16.0000000000000        18.0000000000000       -1.07782429958310     
   16.0000000000000        19.0000000000000       -1.04026686967887     
   16.0000000000000        20.0000000000000       -1.00578876720740     
   16.0000000000000        21.0000000000000      -0.974299388236430     
   16.0000000000000        22.0000000000000      -0.945332105865607     
   16.0000000000000        23.0000000000000      -0.918322179528831     
   16.0000000000000        24.0000000000000      -0.892690136069580     
   16.0000000000000        25.0000000000000      -0.867765126263089     
   17.0000000000000        1.00000000000000       -1.62933975217160     
   17.0000000000000        2.00000000000000       -1.64990845248185     
   17.0000000000000        3.00000000000000       -1.65922546075033     
   17.0000000000000        4.00000000000000       -1.65609334309298     
   17.0000000000000        5.00000000000000       -1.63999343354370     
   17.0000000000000        6.00000000000000       -1.61185849557679     
   17.0000000000000        7.00000000000000       -1.57342051701915     
   17.0000000000000        8.00000000000000       -1.52738439628697     
   17.0000000000000        9.00000000000000       -1.47644579824620     
   17.0000000000000        10.0000000000000       -1.42281199784279     
   17.0000000000000        11.0000000000000       -1.36849472023890     
   17.0000000000000        12.0000000000000       -1.31455408320612     
   17.0000000000000        13.0000000000000       -1.26199394098823     
   17.0000000000000        14.0000000000000       -1.21131999834342     
   17.0000000000000        15.0000000000000       -1.16315653443439     
   17.0000000000000        16.0000000000000       -1.11839822648729     
   17.0000000000000        17.0000000000000       -1.07719118205093     
   17.0000000000000        18.0000000000000       -1.03961474473068     
   17.0000000000000        19.0000000000000       -1.00567888448573     
   17.0000000000000        20.0000000000000      -0.975244473956635     
   17.0000000000000        21.0000000000000      -0.947800051572640     
   17.0000000000000        22.0000000000000      -0.922810895038898     
   17.0000000000000        23.0000000000000      -0.899705312416233     
   17.0000000000000        24.0000000000000      -0.877749921211368     
   17.0000000000000        25.0000000000000      -0.856253254797365     
   18.0000000000000        1.00000000000000       -1.61153258594947     
   18.0000000000000        2.00000000000000       -1.63199174759717     
   18.0000000000000        3.00000000000000       -1.64015195283557     
   18.0000000000000        4.00000000000000       -1.63446647484410     
   18.0000000000000        5.00000000000000       -1.61459493468147     
   18.0000000000000        6.00000000000000       -1.58183788648470     
   18.0000000000000        7.00000000000000       -1.53886085209989     
   18.0000000000000        8.00000000000000       -1.48887402948012     
   18.0000000000000        9.00000000000000       -1.43477047901451     
   18.0000000000000        10.0000000000000       -1.37905866514908     
   18.0000000000000        11.0000000000000       -1.32343854666924     
   18.0000000000000        12.0000000000000       -1.26905147751530     
   18.0000000000000        13.0000000000000       -1.21665196441234     
   18.0000000000000        14.0000000000000       -1.16683138688434     
   18.0000000000000        15.0000000000000       -1.12025683283878     
   18.0000000000000        16.0000000000000       -1.07780901382944     
   18.0000000000000        17.0000000000000       -1.03960832638701     
   18.0000000000000        18.0000000000000       -1.00561549679635     
   18.0000000000000        19.0000000000000      -0.975652483879016     
   18.0000000000000        20.0000000000000      -0.949183813451812     
   18.0000000000000        21.0000000000000      -0.925717528509227     
   18.0000000000000        22.0000000000000      -0.904694373034458     
   18.0000000000000        23.0000000000000      -0.885449156587229     
   18.0000000000000        24.0000000000000      -0.867203796819958     
   18.0000000000000        25.0000000000000      -0.849074210688072     
   19.0000000000000        1.00000000000000       -1.60026172676135     
   19.0000000000000        2.00000000000000       -1.62090781543601     
   19.0000000000000        3.00000000000000       -1.62748656698838     
   19.0000000000000        4.00000000000000       -1.61800397686122     
   19.0000000000000        5.00000000000000       -1.59247090143506     
   19.0000000000000        6.00000000000000       -1.55333152741821     
   19.0000000000000        7.00000000000000       -1.50440340889253     
   19.0000000000000        8.00000000000000       -1.44957582247108     
   19.0000000000000        9.00000000000000       -1.39211050216443     
   19.0000000000000        10.0000000000000       -1.33433911643963     
   19.0000000000000        11.0000000000000       -1.27777024939883     
   19.0000000000000        12.0000000000000       -1.22340122052909     
   19.0000000000000        13.0000000000000       -1.17186183829929     
   19.0000000000000        14.0000000000000       -1.12372162987506     
   19.0000000000000        15.0000000000000       -1.07959604923011     
   19.0000000000000        16.0000000000000       -1.04024782358672     
   19.0000000000000        17.0000000000000       -1.00566858227581     
   19.0000000000000        18.0000000000000      -0.975648454315399     
   19.0000000000000        19.0000000000000      -0.949623376375013     
   19.0000000000000        20.0000000000000      -0.927139292744474     
   19.0000000000000        21.0000000000000      -0.907696588137401     
   19.0000000000000        22.0000000000000      -0.890718300983689     
   19.0000000000000        23.0000000000000      -0.875479127293933     
   19.0000000000000        24.0000000000000      -0.861083806525620     
   19.0000000000000        25.0000000000000      -0.846401440699754     
   20.0000000000000        1.00000000000000       -1.59696847940604     
   20.0000000000000        2.00000000000000       -1.61781425526094     
   20.0000000000000        3.00000000000000       -1.62154276739337     
   20.0000000000000        4.00000000000000       -1.60583096939303     
   20.0000000000000        5.00000000000000       -1.57198260393225     
   20.0000000000000        6.00000000000000       -1.52440807433103     
   20.0000000000000        7.00000000000000       -1.46831480707583     
   20.0000000000000        8.00000000000000       -1.40826591740124     
   20.0000000000000        9.00000000000000       -1.34754222569631     
   20.0000000000000        10.0000000000000       -1.28814861770661     
   20.0000000000000        11.0000000000000       -1.23130679277551     
   20.0000000000000        12.0000000000000       -1.17774496531624     
   20.0000000000000        13.0000000000000       -1.12790812514050     
   20.0000000000000        14.0000000000000       -1.08226296035959     
   20.0000000000000        15.0000000000000       -1.04138071872312     
   20.0000000000000        16.0000000000000       -1.00576901118219     
   20.0000000000000        17.0000000000000      -0.975232865710813     
   20.0000000000000        18.0000000000000      -0.949179181630931     
   20.0000000000000        19.0000000000000      -0.927139526720272     
   20.0000000000000        20.0000000000000      -0.908695009383414     
   20.0000000000000        21.0000000000000      -0.893400575999317     
   20.0000000000000        22.0000000000000      -0.880681581973140     
   20.0000000000000        23.0000000000000      -0.869756551303161     
   20.0000000000000        24.0000000000000      -0.859559140159630     
   20.0000000000000        25.0000000000000      -0.848495181764647     
   21.0000000000000        1.00000000000000       -1.60255314563415     
   21.0000000000000        2.00000000000000       -1.62250286332386     
   21.0000000000000        3.00000000000000       -1.62042889499636     
   21.0000000000000        4.00000000000000       -1.59484868396516     
   21.0000000000000        5.00000000000000       -1.54990828182602     
   21.0000000000000        6.00000000000000       -1.49234543219624     
   21.0000000000000        7.00000000000000       -1.42862689836230     
   21.0000000000000        8.00000000000000       -1.36363937466049     
   21.0000000000000        9.00000000000000       -1.30037540395850     
   21.0000000000000        10.0000000000000       -1.24033414820457     
   21.0000000000000        11.0000000000000       -1.18420699198609     
   21.0000000000000        12.0000000000000       -1.13236215975705     
   21.0000000000000        13.0000000000000       -1.08507332429178     
   21.0000000000000        14.0000000000000       -1.04270679766997     
   21.0000000000000        15.0000000000000       -1.00571738937191     
   21.0000000000000        16.0000000000000      -0.974281735149295     
   21.0000000000000        17.0000000000000      -0.947791310618530     
   21.0000000000000        18.0000000000000      -0.925717791017400     
   21.0000000000000        19.0000000000000      -0.907703899390290     
   21.0000000000000        20.0000000000000      -0.893409313090160     
   21.0000000000000        21.0000000000000      -0.882459776050606     
   21.0000000000000        22.0000000000000      -0.874354937109166     
   21.0000000000000        23.0000000000000      -0.868270766162126     
   21.0000000000000        24.0000000000000      -0.862711945179630     
   21.0000000000000        25.0000000000000      -0.855242711563488     
   22.0000000000000        1.00000000000000       -1.61492900879681     
   22.0000000000000        2.00000000000000       -1.63031714209336     
   22.0000000000000        3.00000000000000       -1.61768630817951     
   22.0000000000000        4.00000000000000       -1.57903360240755     
   22.0000000000000        5.00000000000000       -1.52187602433360     
   22.0000000000000        6.00000000000000       -1.45414698193083     
   22.0000000000000        7.00000000000000       -1.38343519112473     
   22.0000000000000        8.00000000000000       -1.31478316106147     
   22.0000000000000        9.00000000000000       -1.25044883259455     
   22.0000000000000        10.0000000000000       -1.19107213334486     
   22.0000000000000        11.0000000000000       -1.13678196280065     
   22.0000000000000        12.0000000000000       -1.08759841543555     
   22.0000000000000        13.0000000000000       -1.04366099817654     
   22.0000000000000        14.0000000000000       -1.00520751672644     
   22.0000000000000        15.0000000000000      -0.972550428673571     
   22.0000000000000        16.0000000000000      -0.945320415352488     
   22.0000000000000        17.0000000000000      -0.922810366247266     
   22.0000000000000        18.0000000000000      -0.904706033535837     
   22.0000000000000        19.0000000000000      -0.890740804961606     
   22.0000000000000        20.0000000000000      -0.880709689207948     
   22.0000000000000        21.0000000000000      -0.874377754232437     
   22.0000000000000        22.0000000000000      -0.871367364522628     
   22.0000000000000        23.0000000000000      -0.870640843190664     
   22.0000000000000        24.0000000000000      -0.869807135436210     
   22.0000000000000        25.0000000000000      -0.864792047513055     
   23.0000000000000        1.00000000000000       -1.62462453511302     
   23.0000000000000        2.00000000000000       -1.62954742343506     
   23.0000000000000        3.00000000000000       -1.60253076357631     
   23.0000000000000        4.00000000000000       -1.55221880673682     
   23.0000000000000        5.00000000000000       -1.48375824806677     
   23.0000000000000        6.00000000000000       -1.40699346060609     
   23.0000000000000        7.00000000000000       -1.33146456181004     
   23.0000000000000        8.00000000000000       -1.26151117130749     
   23.0000000000000        9.00000000000000       -1.19804925935364     
   23.0000000000000        10.0000000000000       -1.14083519932928     
   23.0000000000000        11.0000000000000       -1.08950508754243     
   23.0000000000000        12.0000000000000       -1.04382190173506     
   23.0000000000000        13.0000000000000       -1.00384684559848     
   23.0000000000000        14.0000000000000      -0.969779911145178     
   23.0000000000000        15.0000000000000      -0.941545662526806     
   23.0000000000000        16.0000000000000      -0.918320692898098     
   23.0000000000000        17.0000000000000      -0.899717642015973     
   23.0000000000000        18.0000000000000      -0.885477078298037     
   23.0000000000000        19.0000000000000      -0.875522320163202     
   23.0000000000000        20.0000000000000      -0.869811338174166     
   23.0000000000000        21.0000000000000      -0.868328427117920     
   23.0000000000000        22.0000000000000      -0.870684025803402     
   23.0000000000000        23.0000000000000      -0.875189664604531     
   23.0000000000000        24.0000000000000      -0.877417328458277     
   23.0000000000000        25.0000000000000      -0.871194088325752     
   24.0000000000000        1.00000000000000       -1.61702161142102     
   24.0000000000000        2.00000000000000       -1.60638315336075     
   24.0000000000000        3.00000000000000       -1.57017195936354     
   24.0000000000000        4.00000000000000       -1.51103611485202     
   24.0000000000000        5.00000000000000       -1.43178393259255     
   24.0000000000000        6.00000000000000       -1.34927799904963     
   24.0000000000000        7.00000000000000       -1.27281311932542     
   24.0000000000000        8.00000000000000       -1.20454532650050     
   24.0000000000000        9.00000000000000       -1.14399271359838     
   24.0000000000000        10.0000000000000       -1.09028465036462     
   24.0000000000000        11.0000000000000       -1.04280138388944     
   24.0000000000000        12.0000000000000       -1.00125072765032     
   24.0000000000000        13.0000000000000      -0.965681863500633     
   24.0000000000000        14.0000000000000      -0.936209691252118     
   24.0000000000000        15.0000000000000      -0.912087376152467     
   24.0000000000000        16.0000000000000      -0.892701024470879     
   24.0000000000000        17.0000000000000      -0.877775984924273     
   24.0000000000000        18.0000000000000      -0.867246646028876     
   24.0000000000000        19.0000000000000      -0.861143183015728     
   24.0000000000000        20.0000000000000      -0.859632623523819     
   24.0000000000000        21.0000000000000      -0.862794377507440     
   24.0000000000000        22.0000000000000      -0.869888745203427     
   24.0000000000000        23.0000000000000      -0.877475847999564     
   24.0000000000000        24.0000000000000      -0.878043189741292     
   24.0000000000000        25.0000000000000      -0.866356811279583     
   25.0000000000000        1.00000000000000       -1.58361410182004     
   25.0000000000000        2.00000000000000       -1.56410384897237     
   25.0000000000000        3.00000000000000       -1.52351598386647     
   25.0000000000000        4.00000000000000       -1.45035839698221     
   25.0000000000000        5.00000000000000       -1.36429952028042     
   25.0000000000000        6.00000000000000       -1.28216683917972     
   25.0000000000000        7.00000000000000       -1.20919199056084     
   25.0000000000000        8.00000000000000       -1.14532167818512     
   25.0000000000000        9.00000000000000       -1.08929642445744     
   25.0000000000000        10.0000000000000       -1.04006401640978     
   25.0000000000000        11.0000000000000      -0.997038442262149     
   25.0000000000000        12.0000000000000      -0.960008585983264     
   25.0000000000000        13.0000000000000      -0.929088045013029     
   25.0000000000000        14.0000000000000      -0.903957047626640     
   25.0000000000000        15.0000000000000      -0.883638983687979     
   25.0000000000000        16.0000000000000      -0.867786342517243     
   25.0000000000000        17.0000000000000      -0.856287098330848     
   25.0000000000000        18.0000000000000      -0.849119223813821     
   25.0000000000000        19.0000000000000      -0.846453024834469     
   25.0000000000000        20.0000000000000      -0.848545540620655     
   25.0000000000000        21.0000000000000      -0.855281444147676     
   25.0000000000000        22.0000000000000      -0.864809871561340     
   25.0000000000000        23.0000000000000      -0.871191993632083     
   25.0000000000000        24.0000000000000      -0.866348949426098     
   25.0000000000000        25.0000000000000      -0.852681144973399     
